0,1,2,3,4,5,6,7,8,9,10,11,12,13,14,15,16,17,18,19,20,21,22,23,24,25,26,27,28,29,30,31,32,33,34,35,36,37,38,39,40,41,42,43,44,45,46,47,48,49,50,51,52,53,54,55,56,57,58,59,60,61,62,63,64,65,66,67,68,69,70,71,72,73,74,75,76,77,78,79,80,81,82,83,84,85,86,87,88,89,90,91,92,93,94,95,96,97,98,99,100,101,102,103,104,105,106,107,108,109,110,111,112,113,114,115,116,117,118,119,120,121,122,123,124,125
0,0,0,0,0,0,0,0,0,0,0,0,0,0,0,0,0,0,0,0,0,0,0,0,0,0,0,0,0,0,0,0,0,0,0,0,0,0,0,0,0,0,0,0,0,0,0,0,0,0,0,0,0,0,0,0,0,0,0,0,0,0,0,0,0,0,0,0,0,0,0,0,0,0,0,0,0,0,0,0,0,0,0,0,0,0,0,0,0,0,0,0,0,0,0,0,0,0,0,0,0,0,0,0,0,0,0,0,0,0,0,0,0,0,0,0,0,0,0,0,0,0,0,0,0,0
0,0,0,0,0,0,0,0,0,0,0,0,0,0,0,0,0,0,0,0,0,0,0,0,0,0,0,0,0,0,0,0,0,0,0,0,0,0,0,0,0,0,0,0,0,0,0,0,0,0,0,0,0,0,0,0,0,0,0,0,0,0,0,0,0,0,0,0,0,0,0,0,0,0,0,0,0,0,0,0,0,0,0,0,0,0,0,0,0,0,0,0,0,0,0,0,0,0,0,0,0,0,0,0,0,0,0,0,0,0,0,0,0,0,0,0,0,0,0,0,0,0,0,0,0,0
0,0,0,0,0,0,0,0,0,0,0,0,0,0,0,0,0,0,0,0,0,0,0,0,0,0,0,0,0,0,0,0,0,0,0,0,0,0,0,0,0,0,0,0,0,0,0,0,0,0,0,0,0,0,0,0,0,0,0,0,0,0,0,0,0,0,0,0,0,0,0,0,0,0,0,0,0,0,0,0,0,0,0,0,0,0,0,0,0,0,0,0,0,0,0,0,0,0,0,0,0,0,0,0,0,0,0,0,0,0,0,0,0,0,0,0,0,0,0,0,0,0,0,0,0,0
0,0,0,0,0,0,0,0,0,0,0,0,0,0,0,0,0,0,0,0,0,0,0,0,0,0,0,0,0,0,0,0,0,0,0,0,0,0,0,0,0,0,0,0,0,0,0,0,0,0,0,0,0,0,0,0,0,0,0,0,0,0,0,0,0,0,0,0,0,0,0,0,0,0,0,0,0,0,0,0,0,0,0,0,0,0,0,0,0,0,0,0,0,0,0,0,0,0,0,0,0,0,0,0,0,0,0,0,0,0,0,0,0,0,0,0,0,0,0,0,0,0,0,0,0,0
0,0,0,0,0,0,0,0,0,0,0,0,0,0,0,0,0,0,0,0,0,0,0,0,0,0,0,0,0,0,0,0,0,0,0,0,0,0,0,0,0,0,0,0,0,0,0,0,0,0,0,0,0,0,0,0,0,0,0,0,0,0,0,0,0,0,0,0,0,0,0,0,0,0,0,0,0,0,0,0,0,0,0,0,0,0,0,0,0,0,0,0,0,0,0,0,0,0,0,0,0,0,0,0,0,0,0,0,0,0,0,0,0,0,0,0,0,0,0,0,0,0,0,0,0,0
0,0,0,0,0,0,0,0,0,0,0,0,0,0,0,0,0,0,0,0,0,0,0,0,0,0,0,0,0,0,0,0,0,0,0,0,0,0,0,0,0,0,0,0,0,0,0,0,0,0,0,0,0,0,0,0,0,0,0,0,0,0,0,0,0,0,0,0,0,0,0,0,0,0,0,0,0,0,0,0,0,0,0,0,0,0,0,0,0,0,0,0,0,0,0,0,0,0,0,0,0,0,0,0,0,0,0,0,0,0,0,0,0,0,0,0,0,0,0,0,0,0,0,0,0,0
0,0,0,0,0,0,0,0,0,0,0,0,0,0,0,0,0,0,0,0,0,0,0,0,0,0,0,0,0,0,0,0,0,0,0,0,0,0,0,0,0,0,0,0,0,0,0,0,0,0,0,0,0,0,0,0,0,0,0,0,0,0,0,0,0,0,0,0,0,0,0,0,0,0,0,0,0,0,0,0,0,0,0,0,0,0,0,0,0,0,0,0,0,0,0,0,0,0,0,0,0,0,0,0,0,0,0,0,0,0,0,0,0,0,0,0,0,0,0,0,0,0,0,0,0,0
0,0,0,0,0,0,0,0,0,0,0,0,0,0,0,0,0,0,0,0,0,0,0,0,0,0,0,0,0,0,0,0,0,0,0,0,0,0,0,0,0,0,0,0,0,0,0,0,0,0,0,0,0,0,0,0,0,0,0,0,0,0,0,0,0,0,0,0,0,0,0,0,0,0,0,0,0,0,0,0,0,0,0,0,0,0,0,0,0,0,0,0,0,0,0,0,0,0,0,0,0,0,0,0,0,0,0,0,0,0,0,0,0,0,0,0,0,0,0,0,0,0,0,0,0,0
0,0,0,0,0,0,0,0,0,0,0,0,0,0,0,0,0,0,0,0,0,0,0,0,0,0,0,0,0,0,0,0,0,0,0,0,0,0,0,0,0,0,0,0,0,0,0,0,0,0,0,0,0,0,0,0,0,0,0,0,0,0,0,0,0,0,0,0,0,0,0,0,0,0,0,0,0,0,0,0,0,0,0,0,0,0,0,0,0,0,0,0,0,0,0,0,0,0,0,0,0,0,0,0,0,0,0,0,0,0,0,0,0,0,0,0,0,0,0,0,0,0,0,0,0,0
0,0,0,0,0,0,0,0,0,0,0,0,0,0,0,0,0,0,0,0,0,0,0,0,0,0,0,0,0,0,0,0,0,0,0,0,0,0,0,0,0,0,0,0,0,0,0,0,0,0,0,0,0,0,0,0,0,0,0,0,0,0,0,0,0,0,0,0,0,0,0,0,0,0,0,0,0,0,0,0,0,0,0,0,0,0,0,0,0,0,0,0,0,0,0,0,0,0,0,0,0,0,0,0,0,0,0,0,0,0,0,0,0,0,0,0,0,0,0,0,0,0,0,0,0,0
0,0,0,0,0,0,0,0,0,0,0,0,0,0,0,0,0,0,0,0,0,0,0,0,0,0,0,0,0,0,0,0,0,0,0,0,0,0,0,0,0,0,0,0,0,0,0,0,0,0,0,0,0,0,0,0,0,0,0,0,0,0,0,0,0,0,0,0,0,0,0,0,0,0,0,0,0,0,0,0,0,0,0,0,0,0,0,0,0,0,0,0,0,0,0,0,0,0,0,0,0,0,0,0,0,0,0,0,0,0,0,0,0,0,0,0,0,0,0,0,0,0,0,0,0,0
0,0,0,0,0,0,0,0,0,0,0,0,0,0,0,0,0,0,0,0,0,0,0,0,0,0,0,0,0,0,0,0,0,0,0,0,0,0,0,0,0,0,0,0,0,0,0,0,0,0,0,0,0,0,0,0,0,0,0,0,0,0,0,0,0,0,0,0,0,0,0,0,0,0,0,0,0,0,0,0,0,0,0,0,0,0,0,0,0,0,0,0,0,0,0,0,0,0,0,0,0,0,0,0,0,0,0,0,0,0,0,0,0,0,0,0,0,0,0,0,0,0,0,0,0,0
0,0,0,0,0,0,0,0,0,0,0,0,0,0,0,0,0,0,0,0,0,0,0,0,0,0,0,0,0,0,0,0,0,0,0,0,0,0,0,0,0,0,0,0,0,0,0,0,0,0,0,0,0,0,0,0,0,0,0,0,0,0,0,0,0,0,0,0,0,0,0,0,0,0,0,0,0,0,0,0,0,0,0,0,0,0,0,0,0,0,0,0,0,0,0,0,0,0,0,0,0,0,0,0,0,0,0,0,0,0,0,0,0,0,0,0,0,0,0,0,0,0,0,0,0,0
0,0,0,0,0,0,0,0,0,0,0,0,0,0,0,0,0,0,0,0,0,0,0,0,0,0,0,0,0,0,0,0,0,0,0,0,0,0,0,0,0,0,0,0,0,0,0,0,0,0,0,0,0,0,0,0,0,0,0,0,0,0,0,0,0,0,0,0,0,0,0,0,0,0,0,0,0,0,0,0,0,0,0,0,0,0,0,0,0,0,0,0,0,0,0,0,0,0,0,0,0,0,0,0,0,0,0,0,0,0,0,0,0,0,0,0,0,0,0,0,0,0,0,0,0,0
0,0,0,0,0,0,0,0,0,0,0,0,0,0,0,0,0,0,0,0,0,0,0,0,0,0,0,0,0,0,0,0,0,0,0,0,0,0,0,0,0,0,0,0,0,0,0,0,0,0,0,0,0,0,0,0,0,0,0,0,0,0,0,0,0,0,0,0,0,0,0,0,0,0,0,0,0,0,0,0,0,0,0,0,0,0,0,0,0,0,0,0,0,0,0,0,0,0,0,0,0,0,0,0,0,0,0,0,0,0,0,0,0,0,0,0,0,0,0,0,0,0,0,0,0,0
0,0,0,0,0,0,0,0,0,0,0,0,0,0,0,0,0,0,0,0,0,0,0,0,0,0,0,0,0,0,0,0,0,0,0,0,0,0,0,0,0,0,0,0,0,0,0,0,0,0,0,0,0,0,0,0,0,0,0,0,0,0,0,0,0,0,0,0,0,0,0,0,0,0,0,0,0,0,0,0,0,0,0,0,0,0,0,0,0,0,0,0,0,0,0,0,0,0,0,0,0,0,0,0,0,0,0,0,0,0,0,0,0,0,0,0,0,0,0,0,0,0,0,0,0,0
0,0,0,0,0,0,0,0,0,0,0,0,0,0,0,0,0,0,0,0,0,0,0,0,0,0,0,0,0,0,0,0,0,0,0,0,0,0,0,0,0,0,0,0,0,0,0,0,0,0,0,0,0,0,0,0,0,0,0,0,0,0,0,0,0,0,0,0,0,0,0,0,0,0,0,0,0,0,0,0,0,0,0,0,0,0,0,0,0,0,0,0,0,0,0,0,0,0,0,0,0,0,0,0,0,0,0,0,0,0,0,0,0,0,0,0,0,0,0,0,0,0,0,0,0,0
0,0,0,0,0,0,0,0,0,0,0,0,0,0,0,0,0,0,0,0,0,0,0,0,0,0,0,0,0,0,0,0,0,0,0,0,0,0,0,0,0,0,0,0,0,0,0,0,0,0,0,0,0,0,0,0,0,0,0,0,0,0,0,0,0,0,0,0,0,0,0,0,0,0,0,0,0,0,0,0,0,0,0,0,0,0,0,0,0,0,0,0,0,0,0,0,0,0,0,0,0,0,0,0,0,0,0,0,0,0,0,0,0,0,0,0,0,0,0,0,0,0,0,0,0,0
0,0,0,0,0,0,0,0,0,0,0,0,0,0,0,0,0,0,0,0,0,0,0,0,0,0,0,0,0,0,0,0,0,0,0,0,0,0,0,0,0,0,0,0,0,0,0,0,0,0,0,0,0,0,0,0,0,0,0,0,0,0,0,0,0,0,0,0,0,0,0,0,0,0,0,0,0,0,0,0,0,0,0,0,0,0,0,0,0,0,0,0,0,0,0,0,0,0,0,0,0,0,0,0,0,0,0,0,0,0,0,0,0,0,0,0,0,0,0,0,0,0,0,0,0,0
0,0,0,0,0,0,0,0,0,0,0,0,0,0,0,0,0,0,0,0,0,0,0,0,0,0,0,0,0,0,0,0,0,0,0,0,0,0,0,0,0,0,0,0,0,0,0,0,0,0,0,0,0,0,0,0,0,0,0,0,0,0,0,0,0,0,0,0,0,0,0,0,0,0,0,0,0,0,0,0,0,0,0,0,0,0,0,0,0,0,0,0,0,0,0,0,0,0,0,0,0,0,0,0,0,0,0,0,0,0,0,0,0,0,0,0,0,0,0,0,0,0,0,0,0,0
0,0,0,0,0,0,0,0,0,0,0,0,0,0,0,0,0,0,0,0,0,0,0,0,0,0,0,0,0,0,0,0,0,0,0,0,0,0,0,0,0,0,0,0,0,0,0,0,0,0,0,0,0,0,0,0,0,0,0,0,0,0,0,0,0,0,0,0,0,0,0,0,0,0,0,0,0,0,0,0,0,0,0,0,0,0,0,0,0,0,0,0,0,0,0,0,0,0,0,0,0,0,0,0,0,0,0,0,0,0,0,0,0,0,0,0,0,0,0,0,0,0,0,0,0,0
0,0,0,0,0,0,0,0,0,0,0,0,0,0,0,0,0,0,0,0,0,0,0,0,0,0,0,0,0,0,0,0,0,0,0,0,0,0,0,0,0,0,0,0,0,0,0,0,0,0,0,0,0,0,0,0,0,0,0,0,0,0,0,0,0,0,0,0,0,0,0,0,0,0,0,0,0,0,0,0,0,0,0,0,0,0,0,0,0,0,0,0,0,0,0,0,0,0,0,0,0,0,0,0,0,0,0,0,0,0,0,0,0,0,0,0,0,0,0,0,0,0,0,0,0,0
0,0,0,0,0,0,0,0,0,0,0,0,0,0,0,0,0,0,0,0,0,0,0,0,0,0,0,0,0,0,0,0,0,0,0,0,0,0,0,0,0,0,0,0,0,0,0,0,0,0,0,0,0,0,0,0,0,0,0,0,0,0,0,0,0,0,0,0,0,0,0,0,0,0,0,0,0,0,0,0,0,0,0,0,0,0,0,0,0,0,0,0,0,0,0,0,0,0,0,0,0,0,0,0,0,0,0,0,0,0,0,0,0,0,0,0,0,0,0,0,0,0,0,0,0,0
0,0,0,0,0,0,0,0,0,0,0,0,0,0,0,0,0,0,0,0,0,0,0,0,0,0,0,0,0,0,0,0,0,0,0,0,0,0,0,0,0,0,0,0,0,0,0,0,0,0,0,0,0,0,0,0,0,0,0,0,0,0,0,0,0,0,0,0,0,0,0,0,0,0,0,0,0,0,0,0,0,0,0,0,0,0,0,0,0,0,0,0,0,0,0,0,0,0,0,0,0,0,0,0,0,0,0,0,0,0,0,0,0,0,0,0,0,0,0,0,0,0,0,0,0,0
0,0,0,0,0,0,0,0,0,0,0,0,0,0,0,0,0,0,0,0,0,0,0,0,0,0,0,0,0,0,0,0,0,0,0,0,0,0,0,0,0,0,0,0,0,0,0,0,0,0,0,0,0,0,0,0,0,0,0,0,0,0,0,0,0,0,0,0,0,0,0,0,0,0,0,0,0,0,0,0,0,0,0,0,0,0,0,0,0,0,0,0,0,0,0,0,0,0,0,0,0,0,0,0,0,0,0,0,0,0,0,0,0,0,0,0,0,0,0,0,0,0,0,0,0,0
0,0,0,0,0,0,0,0,0,0,0,0,0,0,0,0,0,0,0,0,0,0,0,0,0,0,0,0,0,0,0,0,0,0,0,0,0,0,0,0,0,0,0,0,0,0,0,0,0,0,0,0,0,0,0,0,0,0,0,0,0,0,0,0,0,0,0,0,0,0,0,0,0,0,0,0,0,0,0,0,0,0,0,0,0,0,0,0,0,0,0,0,0,0,0,0,0,0,0,0,0,0,0,0,0,0,0,0,0,0,0,0,0,0,0,0,0,0,0,0,0,0,0,0,0,0
0,0,0,0,0,0,0,0,0,0,0,0,0,0,0,0,0,0,0,0,0,0,0,0,0,0,0,0,0,0,0,0,0,0,0,0,0,0,0,0,0,0,0,0,0,0,0,0,0,0,0,0,0,0,0,0,0,0,0,0,0,0,0,0,0,0,0,0,0,0,0,0,0,0,0,0,0,0,0,0,0,0,0,0,0,0,0,0,0,0,0,0,0,0,0,0,0,0,0,0,0,0,0,0,0,0,0,0,0,0,0,0,0,0,0,0,0,0,0,0,0,0,0,0,0,0
0,0,0,0,0,0,0,0,0,0,0,0,0,0,0,0,0,0,0,0,0,0,0,0,0,0,0,0,0,0,0,0,0,0,0,0,0,0,0,0,0,0,0,0,0,0,0,0,0,0,0,0,0,0,0,0,0,0,0,0,0,0,0,0,0,0,0,0,0,0,0,0,0,0,0,0,0,0,0,0,0,0,0,0,0,0,0,0,0,0,0,0,0,0,0,0,0,0,0,0,0,0,0,0,0,0,0,0,0,0,0,0,0,0,0,0,0,0,0,0,0,0,0,0,0,0
0,0,0,0,0,0,0,0,0,0,0,0,0,0,0,0,0,0,0,0,0,0,0,0,0,0,0,0,0,0,0,0,0,0,0,0,0,0,0,0,0,0,0,0,0,0,0,0,0,0,0,0,0,0,0,0,0,0,0,0,0,0,0,0,0,0,0,0,0,0,0,0,0,0,0,0,0,0,0,0,0,0,0,0,0,0,0,0,0,0,0,0,0,0,0,0,0,0,0,0,0,0,0,0,0,0,0,0,0,0,0,0,0,0,0,0,0,0,0,0,0,0,0,0,0,0
0,0,0,0,0,0,0,0,0,0,0,0,0,0,0,0,0,0,0,0,0,0,0,0,0,0,0,0,0,0,0,0,0,0,0,0,0,0,0,0,0,0,0,0,0,0,0,0,0,0,0,0,0,0,0,0,0,0,0,0,0,0,0,0,0,0,0,0,0,0,0,0,0,0,0,0,0,0,0,0,0,0,0,0,0,0,0,0,0,0,0,0,0,0,0,0,0,0,0,0,0,0,0,0,0,0,0,0,0,0,0,0,0,0,0,0,0,0,0,0,0,0,0,0,0,0
0,0,0,0,0,0,0,0,0,0,0,0,0,0,0,0,0,0,0,0,0,0,0,0,0,0,0,0,0,0,0,0,0,0,0,0,0,0,0,0,0,0,0,0,0,0,0,0,0,0,0,0,0,0,0,0,0,0,0,0,0,0,0,0,0,0,0,0,0,0,0,0,0,0,0,0,0,0,0,0,0,0,0,0,0,0,0,0,0,0,0,0,0,0,0,0,0,0,0,0,0,0,0,0,0,0,0,0,0,0,0,0,0,0,0,0,0,0,0,0,0,0,0,0,0,0
0,0,0,0,0,0,0,0,0,0,0,0,0,0,0,0,0,0,0,0,0,0,0,0,0,0,0,0,0,0,0,0,0,0,0,0,0,0,0,0,0,0,0,0,0,0,0,0,0,0,0,0,0,0,0,0,0,0,0,0,0,0,0,0,0,0,0,0,0,0,0,0,0,0,0,0,0,0,0,0,0,0,0,0,0,0,0,0,0,0,0,0,0,0,0,0,0,0,0,0,0,0,0,0,0,0,0,0,0,0,0,0,0,0,0,0,0,0,0,0,0,0,0,0,0,0
0,0,0,0,0,0,0,0,0,0,0,0,0,0,0,0,0,0,0,0,0,0,0,0,0,0,0,0,0,0,0,0,0,0,0,0,0,0,0,0,0,0,0,0,0,0,0,0,0,0,0,0,0,0,0,0,0,0,0,0,0,0,0,0,0,0,0,0,0,0,0,0,0,0,0,0,0,0,0,0,0,0,0,0,0,0,0,0,0,0,0,0,0,0,0,0,0,0,0,0,0,0,0,0,0,0,0,0,0,0,0,0,0,0,0,0,0,0,0,0,0,0,0,0,0,0
0,0,0,0,0,0,0,0,0,0,0,0,0,0,0,0,0,0,0,0,0,0,0,0,0,0,0,0,0,0,0,0,0,0,0,0,0,0,0,0,0,0,0,0,0,0,0,0,0,0,0,0,0,0,0,0,0,0,0,0,0,0,0,0,0,0,0,0,0,0,0,0,0,0,0,0,0,0,0,0,0,0,0,0,0,0,0,0,0,0,0,0,0,0,0,0,0,0,0,0,0,0,0,0,0,0,0,0,0,0,0,0,0,0,0,0,0,0,0,0,0,0,0,0,0,0
0,0,0,0,0,0,0,0,0,0,0,0,0,0,0,0,0,0,0,0,0,0,0,0,0,0,0,0,0,0,0,0,0,0,0,0,0,0,0,0,0,0,0,0,0,0,0,0,0,0,0,0,0,0,0,0,0,0,0,0,0,0,0,0,0,0,0,0,0,0,0,0,0,0,0,0,0,0,0,0,0,0,0,0,0,0,0,0,0,0,0,0,0,0,0,0,0,0,0,0,0,0,0,0,0,0,0,0,0,0,0,0,0,0,0,0,0,0,0,0,0,0,0,0,0,0
0,0,0,0,0,0,0,0,0,0,0,0,0,0,0,0,0,0,0,0,0,0,0,0,0,0,0,0,0,0,0,0,0,0,0,0,0,0,0,0,0,0,0,0,0,0,0,0,0,0,0,0,0,0,0,0,0,0,0,0,0,0,0,0,0,0,0,0,0,0,0,0,0,0,0,0,0,0,0,0,0,0,0,0,0,0,0,0,0,0,0,0,0,0,0,0,0,0,0,0,0,0,0,0,0,0,0,0,0,0,0,0,0,0,0,0,0,0,0,0,0,0,0,0,0,0
0,0,0,0,0,0,0,0,0,0,0,0,0,0,0,0,0,0,0,0,0,0,0,0,0,0,0,0,0,0,0,0,0,0,0,0,0,0,0,0,0,0,0,0,0,0,0,0,0,0,0,0,0,0,0,0,0,0,0,0,0,0,0,0,0,0,0,0,0,0,0,0,0,0,0,0,0,0,0,0,0,0,0,0,0,0,0,0,0,0,0,0,0,0,0,0,0,0,0,0,0,0,0,0,0,0,0,0,0,0,0,0,0,0,0,0,0,0,0,0,0,0,0,0,0,0
0,0,0,0,0,0,0,0,0,0,0,0,0,0,0,0,0,0,0,0,0,0,0,0,0,0,0,0,0,0,0,0,0,0,0,0,0,0,0,0,0,0,0,0,0,0,0,0,0,0,0,0,0,0,0,0,0,0,0,0,0,0,0,0,0,0,0,0,0,0,0,0,0,0,0,0,0,0,0,0,0,0,0,0,0,0,0,0,0,0,0,0,0,0,0,0,0,0,0,0,0,0,0,0,0,0,0,0,0,0,0,0,0,0,0,0,0,0,0,0,0,0,0,0,0,0
0,0,0,0,0,0,0,0,0,0,0,0,0,0,0,0,0,0,0,0,0,0,0,0,0,0,0,0,0,0,0,0,0,0,0,0,0,0,0,0,0,0,0,0,0,0,0,0,0,0,0,0,0,0,0,0,0,0,0,0,0,0,0,0,0,0,0,0,0,0,0,0,0,0,0,0,0,0,0,0,0,0,0,0,0,0,0,0,0,0,0,0,0,0,0,0,0,0,0,0,0,0,0,0,0,0,0,0,0,0,0,0,0,0,0,0,0,0,0,0,0,0,0,0,0,0
0,0,0,0,0,0,0,0,0,0,0,0,0,0,0,0,0,0,0,0,0,0,0,0,0,0,0,0,0,0,0,0,0,0,0,0,0,0,0,0,0,0,0,0,0,0,0,0,0,0,0,0,0,0,0,0,0,0,0,0,0,0,0,0,0,0,0,0,0,0,0,0,0,0,0,0,0,0,0,0,0,0,0,0,0,0,0,0,0,0,0,0,0,0,0,0,0,0,0,0,0,0,0,0,0,0,0,0,0,0,0,0,0,0,0,0,0,0,0,0,0,0,0,0,0,0
0,0,0,0,0,0,0,0,0,0,0,0,0,0,0,0,0,0,0,0,0,0,0,0,0,0,0,0,0,0,0,0,0,0,0,0,0,0,0,0,0,0,0,0,0,0,0,0,0,0,0,0,0,0,0,0,0,0,0,0,0,0,0,0,0,0,0,0,0,0,0,0,0,0,0,0,0,0,0,0,0,0,0,0,0,0,0,0,0,0,0,0,0,0,0,0,0,0,0,0,0,0,0,0,0,0,0,0,0,0,0,0,0,0,0,0,0,0,0,0,0,0,0,0,0,0
0,0,0,0,0,0,0,0,0,0,0,0,0,0,0,0,0,0,0,0,0,0,0,0,0,0,0,0,0,0,0,0,0,0,0,0,0,0,0,0,0,0,0,0,0,0,0,0,0,0,0,0,0,0,0,0,0,0,0,0,0,0,0,0,0,0,0,0,0,0,0,0,0,0,0,0,0,0,0,0,0,0,0,0,0,0,0,0,0,0,0,0,0,0,0,0,0,0,0,0,0,0,0,0,0,0,0,0,0,0,0,0,0,0,0,0,0,0,0,0,0,0,0,0,0,0
0,0,0,0,0,0,0,0,0,0,0,0,0,0,0,0,0,0,0,0,0,0,0,0,0,0,0,0,0,0,0,0,0,0,0,0,0,0,0,0,0,0,0,0,0,0,0,0,0,0,0,0,0,0,0,0,0,0,0,0,0,0,0,0,0,0,0,0,0,0,0,0,0,0,0,0,0,0,0,0,0,0,0,0,0,0,0,0,0,0,0,0,0,0,0,0,0,0,0,0,0,0,0,0,0,0,0,0,0,0,0,0,0,0,0,0,0,0,0,0,0,0,0,0,0,0
0,0,0,0,0,0,0,0,0,0,0,0,0,0,0,0,0,0,0,0,0,0,0,0,0,0,0,0,0,0,0,0,0,0,0,0,0,0,0,0,0,0,0,0,0,0,0,0,0,0,0,0,0,0,0,0,0,0,0,0,0,0,0,0,0,0,0,0,0,0,0,0,0,0,0,0,0,0,0,0,0,0,0,0,0,0,0,0,0,0,0,0,0,0,0,0,0,0,0,0,0,0,0,0,0,0,0,0,0,0,0,0,0,0,0,0,0,0,0,0,0,0,0,0,0,0
0,0,0,0,0,0,0,0,0,0,0,0,0,0,0,0,0,0,0,0,0,0,0,0,0,0,0,0,0,0,0,0,0,0,0,0,0,0,0,0,0,0,0,0,0,0,0,0,0,0,0,0,0,0,0,0,0,0,0,0,0,0,0,0,0,0,0,0,0,0,0,0,0,0,0,0,0,0,0,0,0,0,0,0,0,0,0,0,0,0,0,0,0,0,0,0,0,0,0,0,0,0,0,0,0,0,0,0,0,0,0,0,0,0,0,0,0,0,0,0,0,0,0,0,0,0
0,0,0,0,0,0,0,0,0,0,0,0,0,0,0,0,0,0,0,0,0,0,0,0,0,0,0,0,0,0,0,0,0,0,0,0,0,0,0,0,0,0,0,0,0,0,0,0,0,0,0,0,0,0,0,0,0,0,0,0,0,0,0,0,0,0,0,0,0,0,0,0,0,0,0,0,0,0,0,0,0,0,0,0,0,0,0,0,0,0,0,0,0,0,0,0,0,0,0,0,0,0,0,0,0,0,0,0,0,0,0,0,0,0,0,0,0,0,0,0,0,0,0,0,0,0
0,0,0,0,0,0,0,0,0,0,0,0,0,0,0,0,0,0,0,0,0,0,0,0,0,0,0,0,0,0,0,0,0,0,0,0,0,0,0,0,0,0,0,0,0,0,0,0,0,0,0,0,0,0,0,0,0,0,0,0,0,0,0,0,0,0,0,0,0,0,0,0,0,0,0,0,0,0,0,0,0,0,0,0,0,0,0,0,0,0,0,0,0,0,0,0,0,0,0,0,0,0,0,0,0,0,0,0,0,0,0,0,0,0,0,0,0,0,0,0,0,0,0,0,0,0
0,0,0,0,0,0,0,0,0,0,0,0,0,0,0,0,0,0,0,0,0,0,0,0,0,0,0,0,0,0,0,0,0,0,0,0,0,0,0,0,0,0,0,0,0,0,0,0,0,0,0,0,0,0,0,0,0,0,0,0,0,0,0,0,0,0,0,0,0,0,0,0,0,0,0,0,0,0,0,0,0,0,0,0,0,0,0,0,0,0,0,0,0,0,0,0,0,0,0,0,0,0,0,0,0,0,0,0,0,0,0,0,0,0,0,0,0,0,0,0,0,0,0,0,0,0
0,0,0,0,0,0,0,0,0,0,0,0,0,0,0,0,0,0,0,0,0,0,0,0,0,0,0,0,0,0,0,0,0,0,0,0,0,0,0,0,0,0,0,0,0,0,0,0,0,0,0,0,0,0,0,0,0,0,0,0,0,0,0,0,0,0,0,0,0,0,0,0,0,0,0,0,0,0,0,0,0,0,0,0,0,0,0,0,0,0,0,0,0,0,0,0,0,0,0,0,0,0,0,0,0,0,0,0,0,0,0,0,0,0,0,0,0,0,0,0,0,0,0,0,0,0
0,0,0,0,0,0,0,0,0,0,0,0,0,0,0,0,0,0,0,0,0,0,0,0,0,0,0,0,0,0,0,0,0,0,0,0,0,0,0,0,0,0,0,0,0,0,0,0,0,0,0,0,0,0,0,0,0,0,0,0,0,0,0,0,0,0,0,0,0,0,0,0,0,0,0,0,0,0,0,0,0,0,0,0,0,0,0,0,0,0,0,0,0,0,0,0,0,0,0,0,0,0,0,0,0,0,0,0,0,0,0,0,0,0,0,0,0,0,0,0,0,0,0,0,0,0
0,0,0,0,0,0,0,0,0,0,0,0,0,0,0,0,0,0,0,0,0,0,0,0,0,0,0,0,0,0,0,0,0,0,0,0,0,0,0,0,0,0,0,0,0,0,0,0,0,0,0,0,0,0,0,0,0,0,0,0,0,0,0,0,0,0,0,0,0,0,0,0,0,0,0,0,0,0,0,0,0,0,0,0,0,0,0,0,0,0,0,0,0,0,0,0,0,0,0,0,0,0,0,0,0,0,0,0,0,0,0,0,0,0,0,0,0,0,0,0,0,0,0,0,0,0
0,0,0,0,0,0,0,0,0,0,0,0,0,0,0,0,0,0,0,0,0,0,0,0,0,0,0,0,0,0,0,0,0,0,0,0,0,0,0,0,0,0,0,0,0,0,0,0,0,0,0,0,0,0,0,0,0,0,0,0,0,0,0,0,0,0,0,0,0,0,0,0,0,0,0,0,0,0,0,0,0,0,0,0,0,0,0,0,0,0,0,0,0,0,0,0,0,0,0,0,0,0,0,0,0,0,0,0,0,0,0,0,0,0,0,0,0,0,0,0,0,0,0,0,0,0
0,0,0,0,0,0,0,0,0,0,0,0,0,0,0,0,0,0,0,0,0,0,0,0,0,0,0,0,0,0,0,0,0,0,0,0,0,0,0,0,0,0,0,0,0,0,0,0,0,0,0,0,0,0,0,0,0,0,0,0,0,0,0,0,0,0,0,0,0,0,0,0,0,0,0,0,0,0,0,0,0,0,0,0,0,0,0,0,0,0,0,0,0,0,0,0,0,0,0,0,0,0,0,0,0,0,0,0,0,0,0,0,0,0,0,0,0,0,0,0,0,0,0,0,0,0
0,0,0,0,0,0,0,0,0,0,0,0,0,0,0,0,0,0,0,0,0,0,0,0,0,0,0,0,0,0,0,0,0,0,0,0,0,0,0,0,0,0,0,0,0,0,0,0,0,0,0,0,0,0,0,0,0,0,0,0,0,0,0,0,0,0,0,0,0,0,0,0,0,0,0,0,0,0,0,0,0,0,0,0,0,0,0,0,0,0,0,0,0,0,0,0,0,0,0,0,0,0,0,0,0,0,0,0,0,0,0,0,0,0,0,0,0,0,0,0,0,0,0,0,0,0
0,0,0,0,0,0,0,0,0,0,0,0,0,0,0,0,0,0,0,0,0,0,0,0,0,0,0,0,0,0,0,0,0,0,0,0,0,0,0,0,0,0,0,0,0,0,0,0,0,0,0,0,0,0,0,0,0,0,0,0,0,0,0,0,0,0,0,0,0,0,0,0,0,0,0,0,0,0,0,0,0,0,0,0,0,0,0,0,0,0,0,0,0,0,0,0,0,0,0,0,0,0,0,0,0,0,0,0,0,0,0,0,0,0,0,0,0,0,0,0,0,0,0,0,0,0
0,0,0,0,0,0,0,0,0,0,0,0,0,0,0,0,0,0,0,0,0,0,0,0,0,0,0,0,0,0,0,0,0,0,0,0,0,0,0,0,0,0,0,0,0,0,0,0,0,0,0,0,0,0,0,0,0,0,0,0,0,0,0,0,0,0,0,0,0,0,0,0,0,0,0,0,0,0,0,0,0,0,0,0,0,0,0,0,0,0,0,0,0,0,0,0,0,0,0,0,0,0,0,0,0,0,0,0,0,0,0,0,0,0,0,0,0,0,0,0,0,0,0,0,0,0
0,0,0,0,0,0,0,0,0,0,0,0,0,0,0,0,0,0,0,0,0,0,0,0,0,0,0,0,0,0,0,0,0,0,0,0,0,0,0,0,0,0,0,0,0,0,0,0,0,0,0,0,0,0,0,0,0,0,0,0,0,0,0,0,0,0,0,0,0,0,0,0,0,0,0,0,0,0,0,0,0,0,0,0,0,0,0,0,0,0,0,0,0,0,0,0,0,0,0,0,0,0,0,0,0,0,0,0,0,0,0,0,0,0,0,0,0,0,0,0,0,0,0,0,0,0
0,0,0,0,0,0,0,0,0,0,0,0,0,0,0,0,0,0,0,0,0,0,0,0,0,0,0,0,0,0,0,0,0,0,0,0,0,0,0,0,0,0,0,0,0,0,0,0,0,0,0,0,0,0,0,0,0,0,0,0,0,0,0,0,0,0,0,0,0,0,0,0,0,0,0,0,0,0,0,0,0,0,0,0,0,0,0,0,0,0,0,0,0,0,0,0,0,0,0,0,0,0,0,0,0,0,0,0,0,0,0,0,0,0,0,0,0,0,0,0,0,0,0,0,0,0
0,0,0,0,0,0,0,0,0,0,0,0,0,0,0,0,0,0,0,0,0,0,0,0,0,0,0,0,0,0,0,0,0,0,0,0,0,0,0,0,0,0,0,0,0,0,0,0,0,0,0,0,0,0,0,0,0,0,0,0,0,0,0,0,0,0,0,0,0,0,0,0,0,0,0,0,0,0,0,0,0,0,0,0,0,0,0,0,0,0,0,0,0,0,0,0,0,0,0,0,0,0,0,0,0,0,0,0,0,0,0,0,0,0,0,0,0,0,0,0,0,0,0,0,0,0
0,0,0,0,0,0,0,0,0,0,0,0,0,0,0,0,0,0,0,0,0,0,0,0,0,0,0,0,0,0,0,0,0,0,0,0,0,0,0,0,0,0,0,0,0,0,0,0,0,0,0,0,0,0,0,0,0,0,0,0,0,0,0,0,0,0,0,0,0,0,0,0,0,0,0,0,0,0,0,0,0,0,0,0,0,0,0,0,0,0,0,0,0,0,0,0,0,0,0,0,0,0,0,0,0,0,0,0,0,0,0,0,0,0,0,0,0,0,0,0,0,0,0,0,0,0
0,0,0,0,0,0,0,0,0,0,0,0,0,0,0,0,0,0,0,0,0,0,0,0,0,0,0,0,0,0,0,0,0,0,0,0,0,0,0,0,0,0,0,0,0,0,0,0,0,0,0,0,0,0,0,0,0,0,0,0,0,0,0,0,0,0,0,0,0,0,0,0,0,0,0,0,0,0,0,0,0,0,0,0,0,0,0,0,0,0,0,0,0,0,0,0,0,0,0,0,0,0,0,0,0,0,0,0,0,0,0,0,0,0,0,0,0,0,0,0,0,0,0,0,0,0
0,0,0,0,0,0,0,0,0,0,0,0,0,0,0,0,0,0,0,0,0,0,0,0,0,0,0,0,0,0,0,0,0,0,0,0,0,0,0,0,0,0,0,0,0,0,0,0,0,0,0,0,0,0,0,0,0,0,0,0,0,0,0,0,0,0,0,0,0,0,0,0,0,0,0,0,0,0,0,0,0,0,0,0,0,0,0,0,0,0,0,0,0,0,0,0,0,0,0,0,0,0,0,0,0,0,0,0,0,0,0,0,0,0,0,0,0,0,0,0,0,0,0,0,0,0
0,0,0,0,0,0,0,0,0,0,0,0,0,0,0,0,0,0,0,0,0,0,0,0,0,0,0,0,0,0,0,0,0,0,0,0,0,0,0,0,0,0,0,0,0,0,0,0,0,0,0,0,0,0,0,0,0,0,0,0,0,0,0,0,0,0,0,0,0,0,0,0,0,0,0,0,0,0,0,0,0,0,0,0,0,0,0,0,0,0,0,0,0,0,0,0,0,0,0,0,0,0,0,0,0,0,0,0,0,0,0,0,0,0,0,0,0,0,0,0,0,0,0,0,0,0
0,0,0,0,0,0,0,0,0,0,0,0,0,0,0,0,0,0,0,0,0,0,0,0,0,0,0,0,0,0,0,0,0,0,0,0,0,0,0,0,0,0,0,0,0,0,0,0,0,0,0,0,0,0,0,0,0,0,0,0,0,0,0,0,0,0,0,0,0,0,0,0,0,0,0,0,0,0,0,0,0,0,0,0,0,0,0,0,0,0,0,0,0,0,0,0,0,0,0,0,0,0,0,0,0,0,0,0,0,0,0,0,0,0,0,0,0,0,0,0,0,0,0,0,0,0
0,0,0,0,0,0,0,0,0,0,0,0,0,0,0,0,0,0,0,0,0,0,0,0,0,0,0,0,0,0,0,0,0,0,0,0,0,0,0,0,0,0,0,0,0,0,0,0,0,0,0,0,0,0,0,0,0,0,0,0,0,0,0,0,0,0,0,0,0,0,0,0,0,0,0,0,0,0,0,0,0,0,0,0,0,0,0,0,0,0,0,0,0,0,0,0,0,0,0,0,0,0,0,0,0,0,0,0,0,0,0,0,0,0,0,0,0,0,0,0,0,0,0,0,0,0
0,0,0,0,0,0,0,0,0,0,0,0,0,0,0,0,0,0,0,0,0,0,0,0,0,0,0,0,0,0,0,0,0,0,0,0,0,0,0,0,0,0,0,0,0,0,0,0,0,0,0,0,0,0,0,0,0,0,0,0,0,0,0,0,0,0,0,0,0,0,0,0,0,0,0,0,0,0,0,0,0,0,0,0,0,0,0,0,0,0,0,0,0,0,0,0,0,0,0,0,0,0,0,0,0,0,0,0,0,0,0,0,0,0,0,0,0,0,0,0,0,0,0,0,0,0
0,0,0,0,0,0,0,0,0,0,0,0,0,0,0,0,0,0,0,0,0,0,0,0,0,0,0,0,0,0,0,0,0,0,0,0,0,0,0,0,0,0,0,0,0,0,0,0,0,0,0,0,0,0,0,0,0,0,0,0,0,0,0,0,0,0,0,0,0,0,0,0,0,0,0,0,0,0,0,0,0,0,0,0,0,0,0,0,0,0,0,0,0,0,0,0,0,0,0,0,0,0,0,0,0,0,0,0,0,0,0,0,0,0,0,0,0,0,0,0,0,0,0,0,0,0
0,0,0,0,0,0,0,0,0,0,0,0,0,0,0,0,0,0,0,0,0,0,0,0,0,0,0,0,0,0,0,0,0,0,0,0,0,0,0,0,0,0,0,0,0,0,0,0,0,0,0,0,0,0,0,0,0,0,0,0,0,0,0,0,0,0,0,0,0,0,0,0,0,0,0,0,0,0,0,0,0,0,0,0,0,0,0,0,0,0,0,0,0,0,0,0,0,0,0,0,0,0,0,0,0,0,0,0,0,0,0,0,0,0,0,0,0,0,0,0,0,0,0,0,0,0
0,0,0,0,0,0,0,0,0,0,0,0,0,0,0,0,0,0,0,0,0,0,0,0,0,0,0,0,0,0,0,0,0,0,0,0,0,0,0,0,0,0,0,0,0,0,0,0,0,0,0,0,0,0,0,0,0,0,0,0,0,0,0,0,0,0,0,0,0,0,0,0,0,0,0,0,0,0,0,0,0,0,0,0,0,0,0,0,0,0,0,0,0,0,0,0,0,0,0,0,0,0,0,0,0,0,0,0,0,0,0,0,0,0,0,0,0,0,0,0,0,0,0,0,0,0
0,0,0,0,0,0,0,0,0,0,0,0,0,0,0,0,0,0,0,0,0,0,0,0,0,0,0,0,0,0,0,0,0,0,0,0,0,0,0,0,0,0,0,0,0,0,0,0,0,0,0,0,0,0,0,0,0,0,0,0,0,0,0,0,0,0,0,0,0,0,0,0,0,0,0,0,0,0,0,0,0,0,0,0,0,0,0,0,0,0,0,0,0,0,0,0,0,0,0,0,0,0,0,0,0,0,0,0,0,0,0,0,0,0,0,0,0,0,0,0,0,0,0,0,0,0
0,0,0,0,0,0,0,0,0,0,0,0,0,0,0,0,0,0,0,0,0,0,0,0,0,0,0,0,0,0,0,0,0,0,0,0,0,0,0,0,0,0,0,0,0,0,0,0,0,0,0,0,0,0,0,0,0,0,0,0,0,0,0,0,0,0,0,0,0,0,0,0,0,0,0,0,0,0,0,0,0,0,0,0,0,0,0,0,0,0,0,0,0,0,0,0,0,0,0,0,0,0,0,0,0,0,0,0,0,0,0,0,0,0,0,0,0,0,0,0,0,0,0,0,0,0
0,0,0,0,0,0,0,0,0,0,0,0,0,0,0,0,0,0,0,0,0,0,0,0,0,0,0,0,0,0,0,0,0,0,0,0,0,0,0,0,0,0,0,0,0,0,0,0,0,0,0,0,0,0,0,0,0,0,0,0,0,0,0,0,0,0,0,0,0,0,0,0,0,0,0,0,0,0,0,0,0,0,0,0,0,0,0,0,0,0,0,0,0,0,0,0,0,0,0,0,0,0,0,0,0,0,0,0,0,0,0,0,0,0,0,0,0,0,0,0,0,0,0,0,0,0
0,0,0,0,0,0,0,0,0,0,0,0,0,0,0,0,0,0,0,0,0,0,0,0,0,0,0,0,0,0,0,0,0,0,0,0,0,0,0,0,0,0,0,0,0,0,0,0,0,0,0,0,0,0,0,0,0,0,0,0,0,0,0,0,0,0,0,0,0,0,0,0,0,0,0,0,0,0,0,0,0,0,0,0,0,0,0,0,0,0,0,0,0,0,0,0,0,0,0,0,0,0,0,0,0,0,0,0,0,0,0,0,0,0,0,0,0,0,0,0,0,0,0,0,0,0
0,0,0,0,0,0,0,0,0,0,0,0,0,0,0,0,0,0,0,0,0,0,0,0,0,0,0,0,0,0,0,0,0,0,0,0,0,0,0,0,0,0,0,0,0,0,0,0,0,0,0,0,0,0,0,0,0,0,0,0,0,0,0,0,0,0,0,0,0,0,0,0,0,0,0,0,0,0,0,0,0,0,0,0,0,0,0,0,0,0,0,0,0,0,0,0,0,0,0,0,0,0,0,0,0,0,0,0,0,0,0,0,0,0,0,0,0,0,0,0,0,0,0,0,0,0
0,0,0,0,0,0,0,0,0,0,0,0,0,0,0,0,0,0,0,0,0,0,0,0,0,0,0,0,0,0,0,0,0,0,0,0,0,0,0,0,0,0,0,0,0,0,0,0,0,0,0,0,0,0,0,0,0,0,0,0,0,0,0,0,0,0,0,0,0,0,0,0,0,0,0,0,0,0,0,0,0,0,0,0,0,0,0,0,0,0,0,0,0,0,0,0,0,0,0,0,0,0,0,0,0,0,0,0,0,0,0,0,0,0,0,0,0,0,0,0,0,0,0,0,0,0
0,0,0,0,0,0,0,0,0,0,0,0,0,0,0,0,0,0,0,0,0,0,0,0,0,0,0,0,0,0,0,0,0,0,0,0,0,0,0,0,0,0,0,0,0,0,0,0,0,0,0,0,0,0,0,0,0,0,0,0,0,0,0,0,0,0,0,0,0,0,0,0,0,0,0,0,0,0,0,0,0,0,0,0,0,0,0,0,0,0,0,0,0,0,0,0,0,0,0,0,0,0,0,0,0,0,0,0,0,0,0,0,0,0,0,0,0,0,0,0,0,0,0,0,0,0
0,0,0,0,0,0,0,0,0,0,0,0,0,0,0,0,0,0,0,0,0,0,0,0,0,0,0,0,0,0,0,0,0,0,0,0,0,0,0,0,0,0,0,0,0,0,0,0,0,0,0,0,0,0,0,0,0,0,0,0,0,0,0,0,0,0,0,0,0,0,0,0,0,0,0,0,0,0,0,0,0,0,0,0,0,0,0,0,0,0,0,0,0,0,0,0,0,0,0,0,0,0,0,0,0,0,0,0,0,0,0,0,0,0,0,0,0,0,0,0,0,0,0,0,0,0
0,0,0,0,0,0,0,0,0,0,0,0,0,0,0,0,0,0,0,0,0,0,0,0,0,0,0,0,0,0,0,0,0,0,0,0,0,0,0,0,0,0,0,0,0,0,0,0,0,0,0,0,0,0,0,0,0,0,0,0,0,0,0,0,0,0,0,0,0,0,0,0,0,0,0,0,0,0,0,0,0,0,0,0,0,0,0,0,0,0,0,0,0,0,0,0,0,0,0,0,0,0,0,0,0,0,0,0,0,0,0,0,0,0,0,0,0,0,0,0,0,0,0,0,0,0
0,0,0,0,0,0,0,0,0,0,0,0,0,0,0,0,0,0,0,0,0,0,0,0,0,0,0,0,0,0,0,0,0,0,0,0,0,0,0,0,0,0,0,0,0,0,0,0,0,0,0,0,0,0,0,0,0,0,0,0,0,0,0,0,0,0,0,0,0,0,0,0,0,0,0,0,0,0,0,0,0,0,0,0,0,0,0,0,0,0,0,0,0,0,0,0,0,0,0,0,0,0,0,0,0,0,0,0,0,0,0,0,0,0,0,0,0,0,0,0,0,0,0,0,0,0
0,0,0,0,0,0,0,0,0,0,0,0,0,0,0,0,0,0,0,0,0,0,0,0,0,0,0,0,0,0,0,0,0,0,0,0,0,0,0,0,0,0,0,0,0,0,0,0,0,0,0,0,0,0,0,0,0,0,0,0,0,0,0,0,0,0,0,0,0,0,0,0,0,0,0,0,0,0,0,0,0,0,0,0,0,0,0,0,0,0,0,0,0,0,0,0,0,0,0,0,0,0,0,0,0,0,0,0,0,0,0,0,0,0,0,0,0,0,0,0,0,0,0,0,0,0
0,0,0,0,0,0,0,0,0,0,0,0,0,0,0,0,0,0,0,0,0,0,0,0,0,0,0,0,0,0,0,0,0,0,0,0,0,0,0,0,0,0,0,0,0,0,0,0,0,0,0,0,0,0,0,0,0,0,0,0,0,0,0,0,0,0,0,0,0,0,0,0,0,0,0,0,0,0,0,0,0,0,0,0,0,0,0,0,0,0,0,0,0,0,0,0,0,0,0,0,0,0,0,0,0,0,0,0,0,0,0,0,0,0,0,0,0,0,0,0,0,0,0,0,0,0
0,0,0,0,0,0,0,0,0,0,0,0,0,0,0,0,0,0,0,0,0,0,0,0,0,0,0,0,0,0,0,0,0,0,0,0,0,0,0,0,0,0,0,0,0,0,0,0,0,0,0,0,0,0,0,0,0,0,0,0,0,0,0,0,0,0,0,0,0,0,0,0,0,0,0,0,0,0,0,0,0,0,0,0,0,0,0,0,0,0,0,0,0,0,0,0,0,0,0,0,0,0,0,0,0,0,0,0,0,0,0,0,0,0,0,0,0,0,0,0,0,0,0,0,0,0
0,0,0,0,0,0,0,0,0,0,0,0,0,0,0,0,0,0,0,0,0,0,0,0,0,0,0,0,0,0,0,0,0,0,0,0,0,0,0,0,0,0,0,0,0,0,0,0,0,0,0,0,0,0,0,0,0,0,0,0,0,0,0,0,0,0,0,0,0,0,0,0,0,0,0,0,0,0,0,0,0,0,0,0,0,0,0,0,0,0,0,0,0,0,0,0,0,0,0,0,0,0,0,0,0,0,0,0,0,0,0,0,0,0,0,0,0,0,0,0,0,0,0,0,0,0
0,0,0,0,0,0,0,0,0,0,0,0,0,0,0,0,0,0,0,0,0,0,0,0,0,0,0,0,0,0,0,0,0,0,0,0,0,0,0,0,0,0,0,0,0,0,0,0,0,0,0,0,0,0,0,0,0,0,0,0,0,0,0,0,0,0,0,0,0,0,0,0,0,0,0,0,0,0,0,0,0,0,0,0,0,0,0,0,0,0,0,0,0,0,0,0,0,0,0,0,0,0,0,0,0,0,0,0,0,0,0,0,0,0,0,0,0,0,0,0,0,0,0,0,0,0
0,0,0,0,0,0,0,0,0,0,0,0,0,0,0,0,0,0,0,0,0,0,0,0,0,0,0,0,0,0,0,0,0,0,0,0,0,0,0,0,0,0,0,0,0,0,0,0,0,0,0,0,0,0,0,0,0,0,0,0,0,0,0,0,0,0,0,0,0,0,0,0,0,0,0,0,0,0,0,0,0,0,0,0,0,0,0,0,0,0,0,0,0,0,0,0,0,0,0,0,0,0,0,0,0,0,0,0,0,0,0,0,0,0,0,0,0,0,0,0,0,0,0,0,0,0
0,0,0,0,0,0,0,0,0,0,0,0,0,0,0,0,0,0,0,0,0,0,0,0,0,0,0,0,0,0,0,0,0,0,0,0,0,0,0,0,0,0,0,0,0,0,0,0,0,0,0,0,0,0,0,0,0,0,0,0,0,0,0,0,0,0,0,0,0,0,0,0,0,0,0,0,0,0,0,0,0,0,0,0,0,0,0,0,0,0,0,0,0,0,0,0,0,0,0,0,0,0,0,0,0,0,0,0,0,0,0,0,0,0,0,0,0,0,0,0,0,0,0,0,0,0
0,0,0,0,0,0,0,0,0,0,0,0,0,0,0,0,0,0,0,0,0,0,0,0,0,0,0,0,0,0,0,0,0,0,0,0,0,0,0,0,0,0,0,0,0,0,0,0,0,0,0,0,0,0,0,0,0,0,0,0,0,0,0,0,0,0,0,0,0,0,0,0,0,0,0,0,0,0,0,0,0,0,0,0,0,0,0,0,0,0,0,0,0,0,0,0,0,0,0,0,0,0,0,0,0,0,0,0,0,0,0,0,0,0,0,0,0,0,0,0,0,0,0,0,0,0
0,0,0,0,0,0,0,0,0,0,0,0,0,0,0,0,0,0,0,0,0,0,0,0,0,0,0,0,0,0,0,0,0,0,0,0,0,0,0,0,0,0,0,0,0,0,0,0,0,0,0,0,0,0,0,0,0,0,0,0,0,0,0,0,0,0,0,0,0,0,0,0,0,0,0,0,0,0,0,0,0,0,0,0,0,0,0,0,0,0,0,0,0,0,0,0,0,0,0,0,0,0,0,0,0,0,0,0,0,0,0,0,0,0,0,0,0,0,0,0,0,0,0,0,0,0
0,0,0,0,0,0,0,0,0,0,0,0,0,0,0,0,0,0,0,0,0,0,0,0,0,0,0,0,0,0,0,0,0,0,0,0,0,0,0,0,0,0,0,0,0,0,0,0,0,0,0,0,0,0,0,0,0,0,0,0,0,0,0,0,0,0,0,0,0,0,0,0,0,0,0,0,0,0,0,0,0,0,0,0,0,0,0,0,0,0,0,0,0,0,0,0,0,0,0,0,0,0,0,0,0,0,0,0,0,0,0,0,0,0,0,0,0,0,0,0,0,0,0,0,0,0
0,0,0,0,0,0,0,0,0,0,0,0,0,0,0,0,0,0,0,0,0,0,0,0,0,0,0,0,0,0,0,0,0,0,0,0,0,0,0,0,0,0,0,0,0,0,0,0,0,0,0,0,0,0,0,0,0,0,0,0,0,0,0,0,0,0,0,0,0,0,0,0,0,0,0,0,0,0,0,0,0,0,0,0,0,0,0,0,0,0,0,0,0,0,0,0,0,0,0,0,0,0,0,0,0,0,0,0,0,0,0,0,0,0,0,0,0,0,0,0,0,0,0,0,0,0
0,0,0,0,0,0,0,0,0,0,0,0,0,0,0,0,0,0,0,0,0,0,0,0,0,0,0,0,0,0,0,0,0,0,0,0,0,0,0,0,0,0,0,0,0,0,0,0,0,0,0,0,0,0,0,0,0,0,0,0,0,0,0,0,0,0,0,0,0,0,0,0,0,0,0,0,0,0,0,0,0,0,0,0,0,0,0,0,0,0,0,0,0,0,0,0,0,0,0,0,0,0,0,0,0,0,0,0,0,0,0,0,0,0,0,0,0,0,0,0,0,0,0,0,0,0
0,0,0,0,0,0,0,0,0,0,0,0,0,0,0,0,0,0,0,0,0,0,0,0,0,0,0,0,0,0,0,0,0,0,0,0,0,0,0,0,0,0,0,0,0,0,0,0,0,0,0,0,0,0,0,0,0,0,0,0,0,0,0,0,0,0,0,0,0,0,0,0,0,0,0,0,0,0,0,0,0,0,0,0,0,0,0,0,0,0,0,0,0,0,0,0,0,0,0,0,0,0,0,0,0,0,0,0,0,0,0,0,0,0,0,0,0,0,0,0,0,0,0,0,0,0
0,0,0,0,0,0,0,0,0,0,0,0,0,0,0,0,0,0,0,0,0,0,0,0,0,0,0,0,0,0,0,0,0,0,0,0,0,0,0,0,0,0,0,0,0,0,0,0,0,0,0,0,0,0,0,0,0,0,0,0,0,0,0,0,0,0,0,0,0,0,0,0,0,0,0,0,0,0,0,0,0,0,0,0,0,0,0,0,0,0,0,0,0,0,0,0,0,0,0,0,0,0,0,0,0,0,0,0,0,0,0,0,0,0,0,0,0,0,0,0,0,0,0,0,0,0
0,0,0,0,0,0,0,0,0,0,0,0,0,0,0,0,0,0,0,0,0,0,0,0,0,0,0,0,0,0,0,0,0,0,0,0,0,0,0,0,0,0,0,0,0,0,0,0,0,0,0,0,0,0,0,0,0,0,0,0,0,0,0,0,0,0,0,0,0,0,0,0,0,0,0,0,0,0,0,0,0,0,0,0,0,0,0,0,0,0,0,0,0,0,0,0,0,0,0,0,0,0,0,0,0,0,0,0,0,0,0,0,0,0,0,0,0,0,0,0,0,0,0,0,0,0
0,0,0,0,0,0,0,0,0,0,0,0,0,0,0,0,0,0,0,0,0,0,0,0,0,0,0,0,0,0,0,0,0,0,0,0,0,0,0,0,0,0,0,0,0,0,0,0,0,0,0,0,0,0,0,0,0,0,0,0,0,0,0,0,0,0,0,0,0,0,0,0,0,0,0,0,0,0,0,0,0,0,0,0,0,0,0,0,0,0,0,0,0,0,0,0,0,0,0,0,0,0,0,0,0,0,0,0,0,0,0,0,0,0,0,0,0,0,0,0,0,0,0,0,0,0
0,0,0,0,0,0,0,0,0,0,0,0,0,0,0,0,0,0,0,0,0,0,0,0,0,0,0,0,0,0,0,0,0,0,0,0,0,0,0,0,0,0,0,0,0,0,0,0,0,0,0,0,0,0,0,0,0,0,0,0,0,0,0,0,0,0,0,0,0,0,0,0,0,0,0,0,0,0,0,0,0,0,0,0,0,0,0,0,0,0,0,0,0,0,0,0,0,0,0,0,0,0,0,0,0,0,0,0,0,0,0,0,0,0,0,0,0,0,0,0,0,0,0,0,0,0
0,0,0,0,0,0,0,0,0,0,0,0,0,0,0,0,0,0,0,0,0,0,0,0,0,0,0,0,0,0,0,0,0,0,0,0,0,0,0,0,0,0,0,0,0,0,0,0,0,0,0,0,0,0,0,0,0,0,0,0,0,0,0,0,0,0,0,0,0,0,0,0,0,0,0,0,0,0,0,0,0,0,0,0,0,0,0,0,0,0,0,0,0,0,0,0,0,0,0,0,0,0,0,0,0,0,0,0,0,0,0,0,0,0,0,0,0,0,0,0,0,0,0,0,0,0
0,0,0,0,0,0,0,0,0,0,0,0,0,0,0,0,0,0,0,0,0,0,0,0,0,0,0,0,0,0,0,0,0,0,0,0,0,0,0,0,0,0,0,0,0,0,0,0,0,0,0,0,0,0,0,0,0,0,0,0,0,0,0,0,0,0,0,0,0,0,0,0,0,0,0,0,0,0,0,0,0,0,0,0,0,0,0,0,0,0,0,0,0,0,0,0,0,0,0,0,0,0,0,0,0,0,0,0,0,0,0,0,0,0,0,0,0,0,0,0,0,0,0,0,0,0
0,0,0,0,0,0,0,0,0,0,0,0,0,0,0,0,0,0,0,0,0,0,0,0,0,0,0,0,0,0,0,0,0,0,0,0,0,0,0,0,0,0,0,0,0,0,0,0,0,0,0,0,0,0,0,0,0,0,0,0,0,0,0,0,0,0,0,0,0,0,0,0,0,0,0,0,0,0,0,0,0,0,0,0,0,0,0,0,0,0,0,0,0,0,0,0,0,0,0,0,0,0,0,0,0,0,0,0,0,0,0,0,0,0,0,0,0,0,0,0,0,0,0,0,0,0
0,0,0,0,0,0,0,0,0,0,0,0,0,0,0,0,0,0,0,0,0,0,0,0,0,0,0,0,0,0,0,0,0,0,0,0,0,0,0,0,0,0,0,0,0,0,0,0,0,0,0,0,0,0,0,0,0,0,0,0,0,0,0,0,0,0,0,0,0,0,0,0,0,0,0,0,0,0,0,0,0,0,0,0,0,0,0,0,0,0,0,0,0,0,0,0,0,0,0,0,0,0,0,0,0,0,0,0,0,0,0,0,0,0,0,0,0,0,0,0,0,0,0,0,0,0
0,0,0,0,0,0,0,0,0,0,0,0,0,0,0,0,0,0,0,0,0,0,0,0,0,0,0,0,0,0,0,0,0,0,0,0,0,0,0,0,0,0,0,0,0,0,0,0,0,0,0,0,0,0,0,0,0,0,0,0,0,0,0,0,0,0,0,0,0,0,0,0,0,0,0,0,0,0,0,0,0,0,0,0,0,0,0,0,0,0,0,0,0,0,0,0,0,0,0,0,0,0,0,0,0,0,0,0,0,0,0,0,0,0,0,0,0,0,0,0,0,0,0,0,0,0
0,6.37402e-73,0,3.8016e-75,0,0,0,0,0,0,0,0,0,0,0,0,0,0,0,0,0,0,0,0,0,0,0,0,0,0,0,0,0,0,0,0,0,0,0,0,0,0,0,0,0,0,0,0,0,0,0,0,0,0,0,0,0,0,0,0,0,0,0,0,0,0,0,0,0,0,0,0,0,0,0,0,0,0,0,0,0,0,0,0,0,0,0,0,0,0,0,0,0,0,0,0,0,0,0,0,0,0,0,0,0,0,0,0,0,0,0,0,0,0,0,0,0,0,0,0,0,0,0,0,0,0
3.05415e-68,0,7.25738e-70,0,1.29084e-71,0,1.52762e-73,0,9.02138e-76,0,0,0,0,0,0,0,0,0,0,0,0,0,0,0,0,0,0,0,0,0,0,0,0,0,0,0,0,0,0,0,0,0,0,0,0,0,0,0,0,0,0,0,0,0,0,0,0,0,0,0,0,0,0,0,0,0,0,0,0,0,0,0,0,0,0,0,0,0,0,0,0,0,0,0,0,0,0,0,0,0,0,0,0,0,0,0,0,0,0,0,0,0,0,0,0,0,0,0,0,0,0,0,0,0,0,0,0,0,0,0,0,0,0,0,0,0
0,7.21903e-66,0,2.55793e-67,0,7.53809e-69,0,1.77367e-70,0,3.12388e-72,0,3.66079e-74,0,2.14082e-76,0,0,0,0,0,0,0,0,0,0,0,0,0,0,0,0,0,0,0,0,0,0,0,0,0,0,0,0,0,0,0,0,0,0,0,0,0,0,0,0,0,0,0,0,0,0,0,0,0,0,0,0,0,0,0,0,0,0,0,0,0,0,0,0,0,0,0,0,0,0,0,0,0,0,0,0,0,0,0,0,0,0,0,0,0,0,0,0,0,0,0,0,0,0,0,0,0,0,0,0,0,0,0,0,0,0,0,0,0,0,0,0
1.78094e-62,0,9.42852e-64,0,4.42827e-65,0,1.81628e-66,0,6.37292e-68,0,1.8598e-69,0,4.33352e-71,0,7.55846e-73,0,8.77191e-75,0,5.08026e-77,0,0,0,0,0,0,0,0,0,0,0,0,0,0,0,0,0,0,0,0,0,0,0,0,0,0,0,0,0,0,0,0,0,0,0,0,0,0,0,0,0,0,0,0,0,0,0,0,0,0,0,0,0,0,0,0,0,0,0,0,0,0,0,0,0,0,0,0,0,0,0,0,0,0,0,0,0,0,0,0,0,0,0,0,0,0,0,0,0,0,0,0,0,0,0,0,0,0,0,0,0,0,0,0,0,0,0
2.55366e-66,1.22812e-60,0,7.90019e-62,0,4.611e-63,0,2.41742e-64,0,1.12438e-65,0,4.56712e-67,0,1.58703e-68,0,4.58679e-70,0,1.05849e-71,0,1.82849e-73,0,2.10171e-75,0,1.20557e-77,0,0,0,0,0,0,0,0,0,0,0,0,0,0,0,0,0,0,0,0,0,0,0,0,0,0,0,0,0,0,0,0,0,0,0,0,0,0,0,0,0,0,0,0,0,0,0,0,0,0,0,0,0,0,0,0,0,0,0,0,0,0,0,0,0,0,0,0,0,0,0,0,0,0,0,0,0,0,0,0,0,0,0,0,0,0,0,0,0,0,0,0,0,0,0,0,0,0,0,0,0,0
7.54704e-58,9.54672e-63,6.1548e-59,1.07665e-64,4.65188e-60,6.05996e-67,3.23922e-61,0,2.06359e-62,0,1.19283e-63,0,6.19353e-65,0,2.85307e-66,0,1.14779e-67,0,3.95031e-69,0,1.13081e-70,0,2.58472e-72,0,4.42252e-74,0,5.03513e-76,0,2.86087e-78,0,0,0,0,0,0,0,0,0,0,0,0,0,0,0,0,0,0,0,0,0,0,0,0,0,0,0,0,0,0,0,0,0,0,0,0,0,0,0,0,0,0,0,0,0,0,0,0,0,0,0,0,0,0,0,0,0,0,0,0,0,0,0,0,0,0,0,0,0,0,0,0,0,0,0,0,0,0,0,0,0,0,0,0,0,0,0,0,0,0,0,0,0,0,0,0,0
2.18267e-58,2.54827e-56,6.13005e-60,2.3609e-57,1.37479e-61,2.04693e-58,2.30822e-63,1.65327e-59,2.57891e-65,1.23757e-60,1.43806e-67,8.53498e-62,0,5.38536e-63,0,3.08322e-64,0,1.58566e-65,0,7.23494e-67,0,2.88299e-68,0,9.82838e-70,0,2.78688e-71,0,6.30991e-73,0,1.06948e-74,0,1.20618e-76,0,6.78898e-79,0,0,0,0,0,0,0,0,0,0,0,0,0,0,0,0,0,0,0,0,0,0,0,0,0,0,0,0,0,0,0,0,0,0,0,0,0,0,0,0,0,0,0,0,0,0,0,0,0,0,0,0,0,0,0,0,0,0,0,0,0,0,0,0,0,0,0,0,0,0,0,0,0,0,0,0,0,0,0,0,0,0,0,0,0,0,0,0,0,0,0,0
6.37913e-54,4.14879e-56,6.96325e-55,1.62202e-57,7.2058e-56,5.42568e-59,7.03636e-57,1.50968e-60,6.4568e-58,3.35442e-62,5.54473e-59,5.5799e-64,4.43574e-60,6.17676e-66,3.28885e-61,3.41258e-68,2.24666e-62,0,1.40416e-63,0,7.9631e-65,0,4.05667e-66,0,1.83352e-67,0,7.2376e-69,0,2.44422e-70,0,6.86578e-72,0,1.53999e-73,0,2.5858e-75,0,2.88916e-77,0,1.61106e-79,0,0,0,0,0,0,0,0,0,0,0,0,0,0,0,0,0,0,0,0,0,0,0,0,0,0,0,0,0,0,0,0,0,0,0,0,0,0,0,0,0,0,0,0,0,0,0,0,0,0,0,0,0,0,0,0,0,0,0,0,0,0,0,0,0,0,0,0,0,0,0,0,0,0,0,0,0,0,0,0,0,0,0,0,0,0,0
8.51471e-53,1.35117e-52,4.73733e-54,1.59422e-53,2.36786e-55,1.80883e-54,1.05012e-56,1.95654e-55,4.06772e-58,2.00578e-56,1.34814e-59,1.94015e-57,3.71668e-61,1.76351e-58,8.18251e-63,1.5001e-59,1.34866e-64,1.18875e-60,1.47927e-66,8.73091e-62,8.0982e-69,5.90813e-63,0,3.65794e-64,0,2.05502e-65,0,1.03711e-66,0,4.6438e-68,0,1.81601e-69,0,6.07587e-71,0,1.69087e-72,0,3.7575e-74,0,6.25092e-76,0,6.91984e-78,0,3.82311e-80,0,0,0,0,0,0,0,0,0,0,0,0,0,0,0,0,0,0,0,0,0,0,0,0,0,0,0,0,0,0,0,0,0,0,0,0,0,0,0,0,0,0,0,0,0,0,0,0,0,0,0,0,0,0,0,0,0,0,0,0,0,0,0,0,0,0,0,0,0,0,0,0,0,0,0,0,0,0,0,0,0,0
2.2198e-50,5.49044e-51,2.65583e-51,3.64506e-52,3.22716e-52,2.21428e-53,3.88636e-53,1.22065e-54,4.55194e-54,6.04521e-56,5.12088e-55,2.65646e-57,5.48898e-56,1.0196e-58,5.575e-57,3.34836e-60,5.34216e-58,9.14704e-62,4.81032e-59,1.99548e-63,4.05351e-60,3.25914e-65,3.18217e-61,3.54241e-67,2.31538e-62,1.92174e-69,1.55221e-63,0,9.521e-65,0,5.29926e-66,0,2.64963e-67,0,1.17544e-68,0,4.55427e-70,0,1.5097e-71,0,4.16279e-73,0,9.16577e-75,0,1.51084e-76,0,1.65723e-78,0,9.07243e-81,0,0,0,0,0,0,0,0,0,0,0,0,0,0,0,0,0,0,0,0,0,0,0,0,0,0,0,0,0,0,0,0,0,0,0,0,0,0,0,0,0,0,0,0,0,0,0,0,0,0,0,0,0,0,0,0,0,0,0,0,0,0,0,0,0,0,0,0,0,0,0,0,0,0,0,0,0
3.19641e-48,5.00763e-49,2.64248e-49,5.52924e-50,2.03527e-50,6.40667e-51,1.45302e-51,7.68532e-52,9.55837e-53,9.31989e-53,5.75354e-54,1.11628e-53,3.14284e-55,1.2977e-54,1.54234e-56,1.44748e-55,6.71608e-58,1.53757e-56,2.55441e-59,1.5473e-57,8.31288e-61,1.46894e-58,2.25042e-62,1.31043e-59,4.8652e-64,1.09402e-60,7.87471e-66,8.50897e-62,8.48231e-68,6.134e-63,4.56038e-70,4.07424e-64,0,2.47606e-65,0,1.36547e-66,0,6.76473e-68,0,2.97351e-69,0,1.14157e-70,0,3.74967e-72,0,1.0245e-73,0,2.23527e-75,0,3.65108e-77,0,3.96857e-79,0,2.15293e-81,0,0,0,0,0,0,0,0,0,0,0,0,0,0,0,0,0,0,0,0,0,0,0,0,0,0,0,0,0,0,0,0,0,0,0,0,0,0,0,0,0,0,0,0,0,0,0,0,0,0,0,0,0,0,0,0,0,0,0,0,0,0,0,0,0,0,0,0,0,0,0,0
1.24531e-46,1.06494e-46,1.28829e-47,9.92216e-48,1.3369e-48,8.68532e-49,1.4246e-49,7.11486e-50,1.5866e-50,5.43018e-51,1.84987e-51,3.84157e-52,2.22297e-52,2.50423e-53,2.68866e-53,1.49377e-54,3.20177e-54,8.08604e-56,3.69392e-55,3.93248e-57,4.08516e-56,1.697e-58,4.3006e-57,6.3965e-60,4.28833e-58,2.06298e-61,4.03376e-59,5.53486e-63,3.56538e-60,1.1859e-64,2.94922e-61,1.90238e-66,2.27278e-62,2.03093e-68,1.62342e-63,1.0822e-70,1.06843e-64,0,6.43396e-66,0,3.51582e-67,0,1.72595e-68,0,7.51775e-70,0,2.86001e-71,0,9.30927e-73,0,2.52056e-74,0,5.44986e-76,0,8.82171e-78,0,9.50274e-80,0,5.109e-82,0,0,0,0,0,0,0,0,0,0,0,0,0,0,0,0,0,0,0,0,0,0,0,0,0,0,0,0,0,0,0,0,0,0,0,0,0,0,0,0,0,0,0,0,0,0,0,0,0,0,0,0,0,0,0,0,0,0,0,0,0,0,0,0,0,0,0
2.65764e-44,3.09189e-45,2.9021e-45,3.33642e-46,3.00527e-46,3.50123e-47,2.94312e-47,3.62491e-48,2.71733e-48,3.77946e-49,2.35712e-49,4.05893e-50,1.91351e-50,4.55774e-51,1.44728e-51,5.34278e-52,1.01468e-52,6.42632e-53,6.55511e-54,7.74769e-54,3.87512e-55,9.17047e-55,2.07892e-56,1.04988e-55,1.00202e-57,1.15119e-56,4.28553e-59,1.20111e-57,1.60098e-60,1.18684e-58,5.1176e-62,1.10622e-59,1.36086e-63,9.68862e-61,2.88998e-65,7.9413e-62,4.59504e-67,6.06424e-63,4.86229e-69,4.29229e-64,2.56811e-71,2.79932e-65,0,1.67048e-66,0,9.04592e-68,0,4.40072e-69,0,1.89959e-70,0,7.16183e-72,0,2.31027e-73,0,6.19929e-75,0,1.32842e-76,0,2.13115e-78,0,2.27525e-80,0,1.21239e-82,0,0,0,0,0,0,0,0,0,0,0,0,0,0,0,0,0,0,0,0,0,0,0,0,0,0,0,0,0,0,0,0,0,0,0,0,0,0,0,0,0,0,0,0,0,0,0,0,0,0,0,0,0,0,0,0,0,0,0,0,0,0
5.63752e-43,5.54271e-43,6.8018e-44,6.62103e-44,7.87026e-45,7.53638e-45,8.75233e-46,8.15545e-46,9.40121e-47,8.36943e-47,9.84556e-48,8.12274e-48,1.0208e-48,7.43235e-49,1.06991e-49,6.38944e-50,1.15813e-50,5.14059e-51,1.31052e-51,3.8534e-52,1.54328e-52,2.67754e-53,1.85654e-53,1.71439e-54,2.22997e-54,1.00449e-55,2.62286e-55,5.34112e-57,2.97944e-56,2.5516e-58,3.23915e-57,1.08166e-59,3.34973e-58,4.00522e-61,3.2802e-59,1.26902e-62,3.02979e-60,3.34489e-64,2.62961e-61,7.04109e-66,2.13592e-62,1.10972e-67,1.61636e-63,1.164e-69,1.13378e-64,6.09425e-72,7.32784e-66,0,4.33367e-67,0,2.32576e-68,0,1.12135e-69,0,4.79722e-71,0,1.79256e-72,0,5.73108e-74,0,1.52422e-75,0,3.23729e-77,0,5.14763e-79,0,5.44723e-81,0,2.87706e-83,0,0,0,0,0,0,0,0,0,0,0,0,0,0,0,0,0,0,0,0,0,0,0,0,0,0,0,0,0,0,0,0,0,0,0,0,0,0,0,0,0,0,0,0,0,0,0,0,0,0,0,0,0,0,0,0,0
7.3531e-41,1.00221e-41,9.94394e-42,1.30442e-42,1.28872e-42,1.62836e-43,1.59778e-43,1.94929e-44,1.89152e-44,2.23948e-45,2.13377e-45,2.47567e-46,2.28843e-46,2.64822e-47,2.32753e-47,2.76938e-48,2.23882e-48,2.87728e-49,2.03034e-49,3.03294e-50,1.72996e-50,3.30898e-51,1.3795e-51,3.77127e-52,1.02494e-52,4.45771e-53,7.05894e-54,5.35946e-54,4.47993e-55,6.41065e-55,2.60176e-56,7.49096e-56,1.37128e-57,8.44272e-57,6.49354e-59,9.10069e-58,2.72861e-60,9.32865e-59,1.00154e-61,9.05362e-60,3.1456e-63,8.28761e-61,8.219e-65,7.12859e-62,1.71508e-66,5.73847e-63,2.67962e-68,4.30383e-64,2.78633e-70,2.99197e-65,1.44619e-72,1.91656e-66,0,1.12339e-67,0,5.97545e-69,0,2.85553e-70,0,1.21082e-71,0,4.48453e-73,0,1.42115e-74,0,3.74645e-76,0,7.88727e-78,0,1.24318e-79,0,1.30403e-81,0,6.8274e-84,0,0,0,0,0,0,0,0,0,0,0,0,0,0,0,0,0,0,0,0,0,0,0,0,0,0,0,0,0,0,0,0,0,0,0,0,0,0,0,0,0,0,0,0,0,0,0,0,0,0,0,0
1.07445e-39,1.0717e-39,1.56263e-40,1.55669e-40,2.18614e-41,2.17363e-41,2.93889e-42,2.91327e-42,3.79288e-43,3.74191e-43,4.6964e-44,4.59802e-44,5.57914e-45,5.39501e-45,6.36584e-46,6.03198e-46,6.99786e-47,6.41194e-47,7.45825e-48,6.46389e-48,7.79279e-49,6.16269e-49,8.1181e-50,5.53958e-50,8.60948e-51,4.67852e-51,9.46626e-52,3.69801e-52,1.08595e-52,2.72346e-53,1.28738e-53,1.85928e-54,1.54588e-54,1.16968e-55,1.84063e-55,6.73382e-57,2.13638e-56,3.51822e-58,2.38884e-57,1.65153e-59,2.5532e-58,6.8796e-61,2.5943e-59,2.50329e-62,2.49555e-60,7.79427e-64,2.26414e-61,2.01895e-65,1.93022e-62,4.17669e-67,1.54004e-63,6.46945e-69,1.14481e-64,6.6693e-71,7.88825e-66,3.43189e-73,5.00841e-67,0,2.90982e-68,0,1.53417e-69,0,7.26714e-71,0,3.05449e-72,0,1.1214e-73,0,3.52273e-75,0,9.20575e-77,0,1.9212e-78,0,3.00187e-80,0,3.12153e-82,0,1.62017e-84,0,0,0,0,0,0,0,0,0,0,0,0,0,0,0,0,0,0,0,0,0,0,0,0,0,0,0,0,0,0,0,0,0,0,0,0,0,0,0,0,0,0,0,0,0,0,0
8.62664e-38,1.38894e-38,1.38709e-38,2.15644e-39,2.15227e-39,3.22802e-40,3.21882e-40,4.65372e-41,4.63396e-41,6.45439e-42,6.41312e-42,8.60307e-43,8.51934e-43,1.1011e-43,1.08459e-43,1.35255e-44,1.32099e-44,1.59485e-45,1.53631e-45,1.80778e-46,1.70261e-46,1.97688e-47,1.79398e-47,2.10026e-48,1.79267e-48,2.19389e-49,1.69419e-49,2.29291e-50,1.5096e-50,2.44726e-51,1.26384e-51,2.71122e-52,9.90276e-53,3.12859e-53,7.22969e-54,3.71686e-54,4.89286e-55,4.45489e-55,3.05146e-56,5.27812e-56,1.74153e-57,6.08418e-57,9.02044e-59,6.74927e-58,4.19793e-60,7.15276e-59,1.73364e-61,7.20482e-60,6.25405e-63,6.86982e-61,1.93058e-64,6.17796e-62,4.95796e-66,5.2205e-63,1.01691e-67,4.12862e-64,1.5617e-69,3.04213e-65,1.59623e-71,2.07781e-66,8.14402e-74,1.30771e-67,0,7.53134e-69,0,3.93624e-70,0,1.84832e-71,0,7.70134e-73,0,2.80291e-74,0,8.7288e-76,0,2.26135e-77,0,4.67865e-79,0,7.24748e-81,0,7.47162e-83,0,3.84475e-85,0,0,0,0,0,0,0,0,0,0,0,0,0,0,0,0,0,0,0,0,0,0,0,0,0,0,0,0,0,0,0,0,0,0,0,0,0,0,0,0,0,0
9.44114e-37,9.43637e-37,1.61082e-37,1.60966e-37,2.65812e-38,2.65539e-38,4.2382e-39,4.23192e-39,6.52255e-40,6.50845e-40,9.67874e-41,9.64791e-41,1.3833e-41,1.37674e-41,1.90216e-42,1.88859e-42,2.51413e-43,2.48685e-43,3.19156e-44,3.13828e-44,3.88987e-45,3.78888e-45,4.55364e-46,4.36804e-46,5.12915e-47,4.79868e-47,5.5818e-48,5.01223e-48,5.91438e-49,4.96509e-49,6.18003e-50,4.65167e-50,6.48338e-51,4.10896e-51,6.96559e-52,3.41031e-52,7.77323e-53,2.64908e-53,9.01653e-54,1.91736e-54,1.07269e-54,1.28646e-55,1.28257e-55,7.95421e-57,1.51159e-56,4.50072e-58,1.73025e-57,2.31125e-59,1.90414e-58,1.06642e-60,2.001e-59,4.3665e-62,1.9982e-60,1.56179e-63,1.88872e-61,4.78013e-65,1.68369e-62,1.21718e-66,1.41034e-63,2.47536e-68,1.10565e-64,3.76933e-70,8.07606e-66,3.82014e-72,5.46817e-67,1.93262e-74,3.41168e-68,0,1.94785e-69,0,1.00925e-70,0,4.69822e-72,0,1.94074e-73,0,7.00268e-75,0,2.16206e-76,0,5.55324e-78,0,1.13913e-79,0,1.74951e-81,0,1.78826e-83,0,9.12376e-86,0,0,0,0,0,0,0,0,0,0,0,0,0,0,0,0,0,0,0,0,0,0,0,0,0,0,0,0,0,0,0,0,0,0,0,0,0
5.04013e-35,9.37141e-36,9.36872e-36,1.68951e-36,1.68883e-36,2.95143e-37,2.94976e-37,4.99148e-38,4.98748e-38,8.16478e-39,8.15543e-39,1.29048e-39,1.28835e-39,1.96882e-40,1.96407e-40,2.89633e-41,2.88604e-41,4.1041e-42,4.08241e-42,5.59591e-43,5.55143e-43,7.33508e-44,7.24644e-44,9.23686e-45,9.06529e-45,1.11721e-45,1.08498e-45,1.29871e-46,1.24001e-46,1.45408e-47,1.35049e-47,1.57538e-48,1.39843e-48,1.66565e-49,1.37336e-49,1.74203e-50,1.2756e-50,1.83533e-51,1.11711e-51,1.98514e-52,9.19226e-53,2.23067e-53,7.07935e-54,2.59909e-54,5.08015e-55,3.0942e-55,3.37949e-56,3.68876e-56,2.07177e-57,4.3234e-57,1.1623e-58,4.91361e-58,5.91814e-60,5.3644e-59,2.70753e-61,5.59008e-60,1.09923e-62,5.53447e-61,3.89848e-64,5.18609e-62,1.18314e-65,4.58315e-63,2.98733e-67,3.80589e-64,6.02424e-69,2.95791e-65,9.0964e-71,2.14193e-66,9.1418e-73,1.43778e-67,4.58619e-75,8.89349e-69,0,5.03405e-70,0,2.58599e-71,0,1.19353e-72,0,4.88819e-74,0,1.74875e-75,0,5.35333e-77,0,1.36333e-78,0,2.77287e-80,0,4.22264e-82,0,4.2797e-84,0,2.16511e-86,0,0,0,0,0,0,0,0,0,0,0,0,0,0,0,0,0,0,0,0,0,0,0,0,0,0,0,0,0,0,0,0
4.3499e-34,4.34936e-34,8.50212e-35,8.50069e-35,1.61416e-35,1.61378e-35,2.97442e-36,2.97347e-36,5.31558e-37,5.3132e-37,9.20496e-38,9.19916e-38,1.54322e-38,1.54184e-38,2.50246e-39,2.49926e-39,3.92111e-40,3.91387e-40,5.93085e-41,5.9149e-41,8.65046e-42,8.6162e-42,1.21541e-42,1.20826e-42,1.6434e-43,1.62886e-43,2.1366e-44,2.10787e-44,2.66936e-45,2.61426e-45,3.20459e-46,3.102e-46,3.70003e-47,3.51483e-47,4.11916e-48,3.79522e-48,4.4448e-49,3.89634e-49,4.69183e-50,3.79382e-50,4.91416e-51,3.49376e-51,5.20162e-52,3.03364e-52,5.66438e-53,2.47506e-53,6.40633e-54,1.88998e-54,7.49269e-55,1.34477e-55,8.92002e-56,8.87026e-57,1.05979e-56,5.39194e-58,1.23494e-57,2.9995e-59,1.39342e-58,1.51442e-60,1.50914e-59,6.87023e-62,1.55953e-60,2.76586e-63,1.53089e-61,9.72715e-65,1.42225e-62,2.92741e-66,1.24612e-63,7.32974e-68,1.02592e-64,1.4658e-69,7.9051e-66,2.19489e-71,5.67544e-67,2.18753e-73,3.77717e-68,1.08832e-75,2.31649e-69,0,1.30007e-70,0,6.62176e-72,0,3.0303e-73,0,1.23058e-74,0,4.36522e-76,0,1.32503e-77,0,3.34602e-79,0,6.74829e-81,0,1.01904e-82,0,1.02416e-84,0,5.13791e-87,0,0,0,0,0,0,0,0,0,0,0,0,0,0,0,0,0,0,0,0,0,0,0,0,0,0,0
1.64409e-32,3.46137e-33,3.46111e-33,7.09281e-34,7.0921e-34,1.41377e-34,1.41358e-34,2.73924e-35,2.73872e-35,5.15535e-36,5.15402e-36,9.41744e-37,9.41407e-37,1.66842e-37,1.66759e-37,2.86425e-38,2.86224e-38,4.76061e-39,4.75587e-39,7.65344e-40,7.64253e-40,1.18897e-40,1.18652e-40,1.78307e-41,1.77773e-41,2.57875e-42,2.56738e-42,3.59294e-43,3.5694e-43,4.81816e-44,4.77074e-44,6.2138e-45,6.12097e-45,7.7032e-46,7.52669e-46,9.18061e-47,8.85488e-47,1.05309e-47,9.94801e-48,1.1661e-48,1.06504e-48,1.25376e-49,1.08415e-49,1.32197e-50,1.04669e-50,1.38739e-51,9.55762e-52,1.47596e-52,8.2289e-53,1.61812e-53,6.65717e-54,1.84106e-54,5.04075e-55,2.15989e-55,3.55651e-56,2.56973e-56,2.32625e-57,3.04145e-57,1.40222e-58,3.52287e-58,7.73529e-60,3.94602e-59,3.87289e-61,4.23971e-60,1.74232e-62,4.34492e-61,6.95602e-64,4.22916e-62,2.42603e-65,3.89567e-63,7.24065e-67,3.3842e-64,1.79794e-68,2.7625e-65,3.5658e-70,2.11055e-66,5.29539e-72,1.50242e-67,5.23416e-74,9.91446e-69,2.58264e-76,6.02906e-70,0,3.35513e-71,0,1.69451e-72,0,7.68937e-74,0,3.09639e-75,0,1.08918e-76,0,3.27847e-78,0,8.20987e-80,0,1.64197e-81,0,2.45886e-83,0,2.45069e-85,0,1.21925e-87,0,0,0,0,0,0,0,0,0,0,0,0,0,0,0,0,0,0,0,0,0,0
1.1612e-31,1.16116e-31,2.5531e-32,2.55298e-32,5.47057e-33,5.47023e-33,1.14169e-33,1.14159e-33,2.31921e-34,2.31895e-34,4.58279e-35,4.58209e-35,8.80272e-36,8.80088e-36,1.64244e-36,1.64196e-36,2.9745e-37,2.97331e-37,5.22451e-38,5.2216e-38,8.89238e-39,8.88542e-39,1.46537e-39,1.46374e-39,2.33578e-40,2.33207e-40,3.59792e-41,3.58969e-41,5.3503e-42,5.33246e-42,7.67315e-43,7.63552e-43,1.06026e-43,1.05254e-43,1.41027e-44,1.39485e-44,1.80438e-45,1.77446e-45,2.21992e-46,2.16352e-46,2.62697e-47,2.52381e-47,2.99447e-48,2.81146e-48,3.29918e-49,2.98464e-49,3.53599e-50,3.01265e-50,3.7262e-51,2.88415e-51,3.92041e-52,2.61153e-52,4.19299e-53,2.22966e-53,4.62727e-54,1.78873e-54,5.29367e-55,1.34311e-55,6.22522e-56,9.39748e-57,7.39742e-57,6.09563e-58,8.71866e-58,3.64384e-59,1.00363e-58,1.99345e-60,1.11593e-59,9.89821e-62,1.18945e-60,4.41618e-63,1.20891e-61,1.74857e-64,1.16685e-62,6.04822e-66,1.06578e-63,1.79029e-67,9.18045e-65,4.40902e-69,7.43078e-66,8.67263e-71,5.62933e-67,1.27739e-72,3.97364e-68,1.2523e-74,2.6002e-69,6.12873e-77,1.56796e-70,0,8.65261e-72,0,4.33353e-73,0,1.95009e-74,0,7.78737e-76,0,2.71653e-77,0,8.10903e-79,0,2.01383e-80,0,3.99438e-82,0,5.93224e-84,0,5.86383e-86,0,2.89334e-88,0,0,0,0,0,0,0,0,0,0,0,0,0,0,0,0,0
3.26103e-30,7.65414e-31,7.65397e-31,1.75366e-31,1.7536e-31,3.91998e-32,3.91982e-32,8.54436e-33,8.54392e-33,1.81505e-33,1.81492e-33,3.75536e-34,3.75501e-34,7.56311e-35,7.56216e-35,1.48167e-35,1.48142e-35,2.82168e-36,2.82102e-36,5.2198e-37,5.21813e-37,9.37265e-38,9.36848e-38,1.63224e-38,1.63123e-38,2.7546e-39,2.7522e-39,4.50089e-40,4.49533e-40,7.11389e-41,7.10133e-41,1.0866e-41,1.08383e-41,1.60235e-42,1.59641e-42,2.27902e-43,2.2666e-43,3.12338e-44,3.09812e-44,4.12116e-45,4.07116e-45,5.23182e-46,5.13562e-46,6.38886e-47,6.20911e-47,7.50842e-48,7.18245e-48,8.50744e-49,7.93419e-49,9.32939e-50,8.35258e-50,9.97193e-51,8.36071e-51,1.05077e-51,7.93748e-52,1.10884e-52,7.12749e-53,1.19254e-53,6.03479e-54,1.32452e-54,4.80127e-55,1.52271e-55,3.57535e-56,1.79374e-56,2.48094e-57,2.12773e-57,1.59598e-58,2.49641e-58,9.46191e-60,2.85546e-59,5.13384e-61,3.1515e-60,2.52822e-62,3.33246e-61,1.11875e-63,3.35922e-62,4.39342e-65,3.21537e-63,1.50725e-66,2.91233e-64,4.42513e-68,2.48765e-65,1.08092e-69,1.99671e-66,2.10891e-71,1.50002e-67,3.081e-73,1.05001e-68,2.99602e-75,6.81373e-70,1.45438e-77,4.07466e-71,0,2.22991e-72,0,1.10757e-73,0,4.94288e-75,0,1.95758e-76,0,6.77251e-78,0,2.00502e-79,0,4.93847e-81,0,9.71502e-83,0,1.43102e-84,0,1.40296e-86,0,6.86603e-89,0,0,0,0,0,0,0,0,0,0,0,0
1.9388e-29,1.93877e-29,4.72765e-30,4.72758e-30,1.12641e-30,1.12639e-30,2.62109e-31,2.62102e-31,5.95369e-32,5.95349e-32,1.31944e-32,1.31938e-32,2.85137e-33,2.8512e-33,6.00532e-34,6.00486e-34,1.23192e-34,1.23179e-34,2.4599e-35,2.45955e-35,4.77818e-36,4.77727e-36,9.02233e-37,9.01998e-37,1.6549e-37,1.65431e-37,2.94643e-38,2.94497e-38,5.08795e-39,5.08444e-39,8.51429e-40,8.50604e-40,1.37954e-40,1.37764e-40,2.16222e-41,2.15797e-41,3.27519e-42,3.26592e-42,4.78988e-43,4.77016e-43,6.75689e-44,6.71603e-44,9.18556e-45,9.10312e-45,1.20241e-45,1.18624e-45,1.51478e-46,1.48393e-46,1.83634e-47,1.77919e-47,2.14375e-48,2.041e-48,2.41507e-49,2.23592e-49,2.637e-50,2.33434e-50,2.81228e-51,2.3173e-51,2.96471e-52,2.18184e-52,3.13929e-53,1.94304e-53,3.39558e-54,1.63163e-54,3.79459e-55,1.28745e-55,4.38124e-56,9.50862e-57,5.16653e-57,6.54401e-58,6.11467e-58,4.17533e-59,7.13953e-59,2.45517e-60,8.11345e-60,1.32126e-61,8.88811e-61,6.45377e-63,9.32406e-62,2.83262e-64,9.32229e-63,1.10337e-65,8.84945e-64,3.75466e-67,7.94897e-65,1.09341e-68,6.73352e-66,2.6493e-70,5.35985e-67,5.12718e-72,3.99324e-68,7.43024e-74,2.77216e-69,7.16721e-76,1.78406e-70,3.4513e-78,1.05809e-71,0,5.74294e-73,0,2.82904e-74,0,1.2522e-75,0,4.91861e-77,0,1.68776e-78,0,4.9559e-80,0,1.21072e-81,0,2.36239e-83,0,3.45154e-85,0,3.35644e-87,0,1.62934e-89,0,0,0,0,0,0,0
4.20146e-28,1.08595e-28,1.08595e-28,2.74617e-29,2.74615e-29,6.7916e-30,6.79152e-30,1.64194e-30,1.64191e-30,3.87868e-31,3.8786e-31,8.94854e-32,8.94829e-32,2.01533e-32,2.01525e-32,4.42836e-33,4.42814e-33,9.48873e-34,9.48812e-34,1.98152e-34,1.98135e-34,4.03046e-35,4.03e-35,7.98014e-36,7.97889e-36,1.53702e-36,1.5367e-36,2.87786e-37,2.87702e-37,5.23434e-38,5.23227e-38,9.24128e-39,9.2362e-39,1.58246e-39,1.58125e-39,2.62606e-40,2.62323e-40,4.21954e-41,4.21311e-41,6.55877e-42,6.54448e-42,9.85302e-43,9.82208e-43,1.4292e-43,1.42267e-43,1.9998e-44,1.98639e-44,2.69693e-45,2.6701e-45,3.50283e-46,3.45064e-46,4.37961e-47,4.28093e-47,5.27162e-48,5.09037e-48,6.11445e-49,5.79134e-49,6.85084e-50,6.29225e-50,7.45099e-51,6.51528e-51,7.93205e-52,6.41468e-52,8.36995e-53,5.99026e-53,8.89663e-54,5.29105e-54,9.67881e-55,4.40677e-55,1.08793e-55,3.44889e-56,1.26079e-56,2.52649e-57,1.48743e-57,1.72465e-58,1.7556e-58,1.09147e-59,2.03941e-59,6.36607e-61,2.30231e-60,3.39824e-62,2.50333e-61,1.64649e-63,2.60539e-62,7.16833e-65,2.58378e-63,2.76975e-66,2.43263e-64,9.34946e-68,2.16713e-65,2.70086e-69,1.82066e-66,6.49165e-71,1.43732e-67,1.24628e-72,1.06205e-68,1.79167e-74,7.31249e-70,1.71446e-76,4.66754e-71,8.19011e-79,2.74561e-72,0,1.47806e-73,0,7.2218e-75,0,3.17055e-76,0,1.23528e-77,0,4.20435e-79,0,1.22457e-80,0,2.96745e-82,0,5.74346e-84,0,8.32385e-86,0,8.02944e-88,0,3.8665e-90,0,0
2.1499e-27,2.14989e-27,5.74875e-28,5.74872e-28,1.50516e-28,1.50515e-28,3.85724e-29,3.8572e-29,9.67128e-30,9.67118e-30,2.37151e-30,2.37148e-30,5.68476e-31,5.68466e-31,1.33152e-31,1.33149e-31,3.04601e-32,3.04591e-32,6.80213e-33,6.80185e-33,1.48206e-33,1.48198e-33,3.14894e-34,3.14871e-34,6.52066e-35,6.52004e-35,1.3152e-35,1.31503e-35,2.58225e-36,2.5818e-36,4.93202e-37,4.93086e-37,9.15747e-38,9.15453e-38,1.65173e-38,1.651e-38,2.89192e-39,2.89016e-39,4.91106e-40,4.90688e-40,8.08243e-41,8.07277e-41,1.28799e-41,1.28581e-41,1.9856e-42,1.9808e-42,2.95858e-43,2.94828e-43,4.25675e-44,4.2352e-44,5.90856e-45,5.86466e-45,7.90553e-46,7.81846e-46,1.0189e-46,1.00211e-46,1.26453e-47,1.23305e-47,1.51154e-48,1.45419e-48,1.7423e-49,1.64093e-49,1.94209e-50,1.76831e-50,2.10474e-51,1.81608e-51,2.23768e-52,1.7735e-52,2.36459e-53,1.64271e-53,2.52383e-54,1.4392e-54,2.76169e-55,1.18897e-55,3.12115e-56,9.23006e-57,3.62832e-57,6.70693e-58,4.27994e-58,4.54145e-59,5.03567e-59,2.851e-60,5.81852e-60,1.64951e-61,6.52458e-61,8.73453e-63,7.04128e-62,4.19808e-64,7.27069e-63,1.81311e-65,7.15233e-64,6.9497e-67,6.67916e-65,2.32721e-68,5.90163e-66,6.66933e-70,4.91763e-67,1.59026e-71,3.85058e-68,3.0288e-73,2.82207e-69,4.31974e-75,1.92726e-70,4.10089e-77,1.22018e-71,1.94355e-79,7.11938e-73,0,3.80161e-74,0,1.84246e-75,0,8.02362e-77,0,3.10091e-78,0,1.04693e-79,0,3.02485e-81,0,7.27126e-83,0,1.39608e-84,4.53106e-92,2.00501e-86,8.53198e-89
3.70562e-26,1.04427e-26,1.04426e-26,2.88457e-27,2.88456e-27,7.8077e-28,7.80766e-28,2.07006e-28,2.07005e-28,5.37407e-29,5.37403e-29,1.36557e-29,1.36556e-29,3.39504e-30,3.395e-30,8.25495e-31,8.25481e-31,1.96216e-31,1.96212e-31,4.55733e-32,4.55721e-32,1.0338e-32,1.03377e-32,2.2893e-33,2.28919e-33,4.94631e-34,4.94601e-34,1.04218e-34,1.04209e-34,2.14011e-35,2.13989e-35,4.28067e-36,4.28006e-36,8.33485e-37,8.33324e-37,1.57874e-37,1.57833e-37,2.90707e-38,2.90603e-38,5.2002e-39,5.19765e-39,9.02976e-40,9.02364e-40,1.52083e-40,1.5194e-40,2.48243e-41,2.47913e-41,3.92361e-42,3.91625e-42,5.99962e-43,5.98355e-43,8.86731e-44,8.83311e-44,1.26559e-44,1.2585e-44,1.7428e-45,1.72847e-45,2.3137e-46,2.28551e-46,2.95945e-47,2.90554e-47,3.6463e-48,3.54607e-48,4.32914e-49,4.14812e-49,4.96017e-50,4.64285e-50,5.50223e-51,4.96279e-51,5.94427e-52,5.05566e-52,6.31434e-53,4.8973e-53,6.6851e-54,4.49961e-54,7.16699e-55,3.91047e-55,7.88755e-56,3.20462e-56,8.95902e-57,2.46783e-57,1.04409e-57,1.77887e-58,1.23074e-58,1.19489e-59,1.44295e-59,7.44134e-61,1.65803e-60,4.27104e-62,1.84661e-61,2.24362e-63,1.97794e-62,1.06979e-64,2.02639e-63,4.58366e-66,1.97745e-64,1.74301e-67,1.83172e-65,5.79059e-69,1.60538e-66,1.64636e-70,1.32688e-67,3.89471e-72,1.03056e-68,7.35941e-74,7.49195e-70,1.04136e-75,5.07518e-71,9.80848e-78,3.18731e-72,4.61214e-80,1.84475e-73,0,9.77153e-75,0,4.69785e-76,0,2.02947e-77,4.42486e-95,7.78073e-79,8.39839e-92,2.60598e-80,7.95745e-89,7.46926e-82,5.01847e-86,1.18749e-83
1.6615e-25,1.6615e-25,4.82719e-26,4.82718e-26,1.37561e-26,1.3756e-26,3.84382e-27,3.84381e-27,1.05283e-27,1.05283e-27,2.82574e-28,2.82572e-28,7.42898e-29,7.42893e-29,1.91245e-29,1.91243e-29,4.81891e-30,4.81886e-30,1.18804e-30,1.18803e-30,2.86458e-31,2.86453e-31,6.7522e-32,6.75205e-32,1.55522e-32,1.55517e-32,3.4986e-33,3.49846e-33,7.68316e-34,7.68277e-34,1.64629e-34,1.64618e-34,3.43999e-35,3.43969e-35,7.0057e-36,7.00487e-36,1.38973e-36,1.38951e-36,2.68366e-37,2.68308e-37,5.04147e-38,5.04001e-38,9.20716e-39,9.20352e-39,1.6335e-39,1.63262e-39,2.8133e-40,2.81118e-40,4.69968e-41,4.69477e-41,7.60891e-42,7.59773e-42,1.1929e-42,1.19042e-42,1.80938e-43,1.80402e-43,2.65284e-44,2.64151e-44,3.75626e-45,3.73297e-45,5.13213e-46,5.08546e-46,6.76102e-47,6.67001e-47,8.58364e-48,8.41101e-48,1.05008e-48,1.01825e-48,1.23854e-49,1.18153e-49,1.41093e-50,1.31182e-50,1.55805e-51,1.39096e-51,1.67861e-52,1.40564e-52,1.78243e-53,1.35071e-53,1.89146e-54,1.23111e-54,2.03728e-55,1.06138e-55,2.25472e-56,8.62873e-57,2.57271e-57,6.59199e-58,3.00398e-58,4.71392e-59,3.53667e-59,3.14131e-60,4.1304e-60,1.9408e-61,4.71889e-61,1.10514e-62,5.21958e-62,5.75958e-64,5.54898e-63,2.72459e-65,5.64053e-64,1.1582e-66,5.46054e-65,4.36965e-68,5.0176e-66,1.44028e-69,4.36228e-67,4.06288e-71,3.57655e-68,9.53615e-73,2.75556e-69,1.78787e-74,1.98717e-70,2.51012e-76,1.33538e-71,2.34584e-78,8.31944e-73,1.09448e-80,4.77671e-74,7.89436e-92,2.51005e-75,5.01815e-89,1.19716e-76,2.38862e-86,5.1307e-78,9.08143e-84,1.94425e-79,2.87272e-81
2.33492e-24,7.11519e-25,7.11518e-25,2.12862e-25,2.12862e-25,6.25008e-26,6.25007e-26,1.8006e-26,1.8006e-26,5.08818e-27,5.08817e-27,1.40988e-27,1.40988e-27,3.82943e-28,3.82941e-28,1.01922e-28,1.01921e-28,2.65725e-29,2.65723e-29,6.78369e-30,6.78362e-30,1.69513e-30,1.69511e-30,4.14447e-31,4.14441e-31,9.91028e-32,9.91009e-32,2.31668e-32,2.31662e-32,5.29189e-33,5.29172e-33,1.18064e-33,1.18059e-33,2.57143e-34,2.57129e-34,5.46459e-35,5.46419e-35,1.13248e-35,1.13237e-35,2.28746e-36,2.28716e-36,4.50057e-37,4.49978e-37,8.61993e-38,8.61789e-38,1.60613e-38,1.60561e-38,2.90939e-39,2.90811e-39,5.11985e-40,5.11677e-40,8.74622e-41,8.73895e-41,1.44928e-41,1.4476e-41,2.32753e-42,2.32374e-42,3.61976e-43,3.61143e-43,5.44662e-44,5.42875e-44,7.92233e-45,7.88492e-45,1.11296e-45,1.10533e-45,1.50886e-46,1.4937e-46,1.97271e-47,1.94339e-47,2.48617e-48,2.43102e-48,3.02033e-49,2.91948e-49,3.53974e-50,3.3606e-50,4.01027e-51,3.70141e-51,4.40993e-52,3.89347e-52,4.74008e-53,3.90327e-53,5.03361e-54,3.72097e-54,5.35605e-55,3.3646e-55,5.79684e-56,2.87778e-56,6.45046e-57,2.32107e-57,7.3902e-58,1.75921e-58,8.64049e-59,1.24809e-59,1.01554e-59,8.25173e-61,1.18106e-60,5.05813e-62,1.34139e-61,2.85762e-63,1.47346e-62,1.47763e-64,1.55473e-63,6.93531e-66,1.56811e-64,2.92513e-67,1.50608e-65,1.09498e-68,1.37291e-66,3.58108e-70,1.18409e-67,1.00233e-71,9.63076e-69,2.33435e-73,7.36095e-70,4.34259e-75,5.26616e-71,6.0497e-77,3.51077e-72,5.61007e-79,2.16989e-73,2.6002e-81,1.23601e-74,8.02332e-82,6.44319e-76,1.91252e-79,2.03254e-77
9.30964e-24,9.30963e-24,2.91633e-24,2.91632e-24,8.97387e-25,8.97386e-25,2.71174e-25,2.71173e-25,8.04487e-26,8.04486e-26,2.34245e-26,2.34244e-26,6.69225e-27,6.69224e-27,1.87539e-27,1.87539e-27,5.15338e-28,5.15336e-28,1.38813e-28,1.38812e-28,3.664e-29,3.66398e-29,9.47364e-30,9.47356e-30,2.39857e-30,2.39855e-30,5.94424e-31,5.94417e-31,1.44137e-31,1.44135e-31,3.41831e-32,3.41824e-32,7.92528e-33,7.92506e-33,1.79552e-33,1.79545e-33,3.97312e-34,3.97293e-34,8.5828e-35,8.58226e-35,1.80908e-35,1.80893e-35,3.71863e-36,3.71822e-36,7.4501e-37,7.44902e-37,1.45391e-37,1.45363e-37,2.76213e-38,2.7614e-38,5.105e-39,5.10319e-39,9.17275e-40,9.1683e-40,1.6012e-40,1.60013e-40,2.71335e-41,2.71085e-41,4.46011e-42,4.45439e-42,7.10571e-43,7.09293e-43,1.09629e-43,1.0935e-43,1.63654e-44,1.63061e-44,2.36174e-45,2.34942e-45,3.2921e-46,3.26718e-46,4.42907e-47,4.37995e-47,5.74744e-48,5.65324e-48,7.19129e-49,7.01553e-49,8.67707e-50,8.35829e-50,1.01066e-50,9.54494e-51,1.13902e-51,1.04298e-51,1.24772e-52,1.08843e-52,1.33857e-53,1.08256e-53,1.4222e-54,1.02387e-54,1.51796e-55,9.18531e-56,1.651e-56,7.79461e-57,1.84671e-57,6.23742e-58,2.1233e-58,4.69051e-59,2.48442e-59,3.30174e-60,2.91372e-60,2.16589e-61,3.37348e-61,1.3173e-62,3.80834e-62,7.38423e-64,4.15418e-63,3.78858e-65,4.35059e-64,1.76439e-66,4.35413e-65,7.38407e-68,4.14908e-66,2.74274e-69,3.75234e-67,8.90068e-71,3.21068e-68,2.47205e-72,2.59075e-69,5.71287e-74,1.96452e-70,1.05459e-75,1.39437e-71,1.46212e-77,9.22257e-73,8.25475e-78,5.61984e-74,1.41221e-75
1.08886e-22,3.56331e-23,3.56331e-23,1.14632e-23,1.14632e-23,3.6243e-24,3.6243e-24,1.1259e-24,1.1259e-24,3.43576e-25,3.43576e-25,1.02961e-25,1.02961e-25,3.02925e-26,3.02924e-26,8.74743e-27,8.74741e-27,2.47846e-27,2.47846e-27,6.88823e-28,6.8882e-28,1.87723e-28,1.87722e-28,5.015e-29,5.01497e-29,1.31286e-29,1.31285e-29,3.3667e-30,3.36667e-30,8.45419e-31,8.45409e-31,2.07804e-31,2.078e-31,4.99775e-32,4.99766e-32,1.17559e-32,1.17557e-32,2.70342e-33,2.70333e-33,6.075e-34,6.07476e-34,1.33338e-34,1.33331e-34,2.85706e-35,2.85686e-35,5.9734e-36,5.97285e-36,1.21794e-36,1.2178e-36,2.42043e-37,2.42004e-37,4.68555e-38,4.68454e-38,8.83006e-39,8.82749e-39,1.6189e-39,1.61826e-39,2.88559e-40,2.88404e-40,4.99687e-41,4.99319e-41,8.40016e-42,8.3916e-42,1.36982e-42,1.36788e-42,2.16509e-43,2.16078e-43,3.31405e-44,3.30474e-44,4.90846e-45,4.8888e-45,7.02852e-46,6.98804e-46,9.72204e-47,9.64083e-47,1.29809e-47,1.28222e-47,1.6721e-48,1.6419e-48,2.07738e-49,2.0215e-49,2.48998e-50,2.38944e-50,2.88293e-51,2.70723e-51,3.233e-52,2.93497e-52,3.52917e-53,3.03887e-53,3.78047e-54,2.99882e-54,4.02049e-55,2.81409e-55,4.30576e-56,2.50486e-56,4.7065e-57,2.10905e-57,5.29022e-58,1.67458e-58,6.10115e-59,1.24949e-59,7.14041e-60,8.72719e-61,8.35277e-61,5.68057e-62,9.62507e-62,3.4282e-63,1.0799e-62,1.90687e-64,1.16973e-63,9.70803e-66,1.2159e-64,4.48634e-67,1.20753e-65,1.86312e-68,1.1417e-66,6.86725e-70,1.02444e-67,2.21146e-71,8.69679e-69,6.09505e-73,6.96254e-70,1.42188e-74,5.2373e-71,3.58725e-74,2.45875e-72
3.90838e-22,3.90838e-22,1.31161e-22,1.31161e-22,4.32903e-23,4.32903e-23,1.40494e-23,1.40494e-23,4.48231e-24,4.48231e-24,1.40546e-24,1.40546e-24,4.3301e-25,4.3301e-25,1.31047e-25,1.31047e-25,3.89487e-26,3.89486e-26,1.13651e-26,1.1365e-26,3.25493e-27,3.25492e-27,9.14686e-28,9.14683e-28,2.52134e-28,2.52133e-28,6.81524e-29,6.81521e-29,1.80584e-29,1.80583e-29,4.68895e-30,4.68891e-30,1.19266e-30,1.19265e-30,2.97061e-31,2.97057e-31,7.24256e-32,7.24244e-32,1.72777e-32,1.72773e-32,4.03129e-33,4.03118e-33,9.19562e-34,9.19531e-34,2.04975e-34,2.04966e-34,4.46272e-35,4.46246e-35,9.48556e-36,9.48483e-36,1.96729e-36,1.96709e-36,3.97909e-37,3.97855e-37,7.84445e-38,7.84305e-38,1.50644e-38,1.50608e-38,2.8163e-39,2.8154e-39,5.12234e-40,5.12011e-40,9.05779e-41,9.05242e-41,1.55608e-41,1.55482e-41,2.59524e-42,2.59232e-42,4.19876e-43,4.19218e-43,6.58433e-44,6.56988e-44,9.9998e-45,9.96878e-45,1.46958e-45,1.46309e-45,2.08814e-46,2.07488e-46,2.86644e-47,2.84005e-47,3.79877e-48,3.7476e-48,4.85783e-49,4.76125e-49,5.99343e-50,5.81615e-50,7.13747e-51,6.8211e-51,8.21643e-52,7.66799e-52,9.17115e-53,8.2483e-53,9.97996e-54,8.47386e-54,1.06791e-54,8.29727e-55,1.13726e-55,7.72575e-56,1.22242e-56,6.82357e-57,1.34283e-57,5.70091e-58,1.51628e-58,4.49156e-59,1.75313e-59,3.32556e-60,2.05116e-60,2.30488e-61,2.39235e-61,1.48873e-62,2.74311e-62,8.91546e-64,3.05842e-63,4.92105e-65,3.28957e-64,2.48617e-66,3.39399e-65,1.14015e-67,3.34487e-66,4.69876e-69,3.13803e-67,1.71877e-70,2.79381e-68,6.17619e-72,2.33252e-69,8.24775e-71
3.87124e-21,1.35252e-21,1.35252e-21,4.65054e-22,4.65054e-22,1.57339e-22,1.57339e-22,5.23661e-23,5.23661e-23,1.71415e-23,1.71415e-23,5.51737e-24,5.51737e-24,1.74582e-24,1.74581e-24,5.42928e-25,5.42927e-25,1.65903e-25,1.65903e-25,4.9799e-26,4.9799e-26,1.46801e-26,1.468e-26,4.24869e-27,4.24868e-27,1.20691e-27,1.20691e-27,3.36407e-28,3.36406e-28,9.19787e-29,9.19783e-29,2.46607e-29,2.46606e-29,6.48151e-30,6.48147e-30,1.66937e-30,1.66935e-30,4.21189e-31,4.21185e-31,1.04062e-31,1.04061e-31,2.51672e-32,2.51667e-32,5.95562e-33,5.95548e-33,1.37845e-33,1.37841e-33,3.11916e-34,3.11904e-34,6.89718e-35,6.89684e-35,1.48967e-35,1.48957e-35,3.14108e-36,3.14082e-36,6.46273e-37,6.462e-37,1.29678e-37,1.29659e-37,2.53623e-38,2.53573e-38,4.83197e-39,4.83069e-39,8.96204e-40,8.95885e-40,1.61717e-40,1.61639e-40,2.83712e-41,2.83526e-41,4.83574e-42,4.8314e-42,8.00189e-43,7.99196e-43,1.28449e-43,1.28227e-43,1.99862e-44,1.99378e-44,3.01186e-45,3.00156e-45,4.39226e-46,4.37086e-46,6.19348e-47,6.15013e-47,8.43811e-48,8.35252e-48,1.11004e-48,1.09358e-48,1.40938e-49,1.37857e-49,1.72705e-50,1.67094e-50,2.04379e-51,1.94446e-51,2.33979e-52,2.16896e-52,2.60025e-53,2.31507e-53,2.82174e-54,2.36003e-54,3.01744e-55,2.29304e-55,3.21902e-56,2.11867e-56,3.47351e-57,1.85688e-57,3.83437e-58,1.53947e-58,4.34779e-59,1.20361e-59,5.03704e-60,8.84335e-61,5.88875e-61,6.08234e-62,6.84567e-62,3.89863e-63,7.80893e-63,2.31697e-64,8.6513e-64,1.26917e-65,9.23965e-65,6.36328e-67,9.46225e-66,2.89708e-68,9.25159e-67,2.29653e-69,5.74337e-68
1.26402e-20,1.26402e-20,4.51926e-21,4.51926e-21,1.59083e-21,1.59083e-21,5.51237e-22,5.51237e-22,1.87985e-22,1.87985e-22,6.30793e-23,6.30792e-23,2.08227e-23,2.08226e-23,6.76044e-24,6.76044e-24,2.15826e-24,2.15826e-24,6.77362e-25,6.77362e-25,2.08939e-25,2.08939e-25,6.33276e-26,6.33275e-26,1.8855e-26,1.8855e-26,5.51321e-27,5.51319e-27,1.58273e-27,1.58273e-27,4.45974e-28,4.45973e-28,1.23306e-28,1.23306e-28,3.34425e-29,3.34423e-29,8.89432e-30,8.89427e-30,2.31892e-30,2.3189e-30,5.92471e-31,5.92465e-31,1.48288e-31,1.48286e-31,3.63444e-32,3.63439e-32,8.71968e-33,8.71951e-33,2.04701e-33,2.04696e-33,4.70019e-34,4.70003e-34,1.05511e-34,1.05507e-34,2.3146e-35,2.31448e-35,4.95956e-36,4.9592e-36,1.03749e-36,1.0374e-36,2.11778e-37,2.11751e-37,4.21594e-38,4.21525e-38,8.1806e-39,8.17882e-39,1.54631e-39,1.54586e-39,2.84551e-40,2.8444e-40,5.09445e-41,5.09175e-41,8.86776e-42,8.86134e-42,1.4997e-42,1.49821e-42,2.46232e-43,2.45895e-43,3.92199e-44,3.91452e-44,6.05541e-45,6.03925e-45,9.05535e-46,9.02122e-46,1.31051e-46,1.30347e-46,1.83401e-47,1.81987e-47,2.48014e-48,2.45246e-48,3.23897e-49,3.18615e-49,4.08358e-50,3.9855e-50,4.97072e-51,4.79352e-51,5.84651e-52,5.53528e-52,6.65796e-53,6.12695e-53,7.36897e-54,6.48954e-54,7.97753e-55,6.56489e-55,8.52869e-56,6.32977e-56,9.11767e-57,5.80377e-57,9.87847e-58,5.04786e-58,1.09568e-58,4.15313e-59,1.24711e-59,3.22236e-60,1.44697e-60,2.34961e-61,1.68954e-61,1.60378e-62,1.957e-62,1.0202e-63,2.22047e-63,6.01729e-65,2.44417e-64,3.28343e-66,2.56283e-65,1.26653e-66
1.07611e-19,3.99366e-20,3.99366e-20,1.46008e-20,1.46008e-20,5.25771e-21,5.25771e-21,1.86444e-21,1.86444e-21,6.50952e-22,6.50951e-22,2.23724e-22,2.23724e-22,7.56748e-23,7.56748e-23,2.51869e-23,2.51869e-23,8.24685e-24,8.24685e-24,2.65581e-24,2.6558e-24,8.41007e-25,8.41006e-25,2.61816e-25,2.61815e-25,8.01085e-26,8.01084e-26,2.40847e-26,2.40846e-26,7.11325e-27,7.11324e-27,2.06322e-27,2.06321e-27,5.8756e-28,5.87558e-28,1.64234e-28,1.64234e-28,4.50457e-29,4.50455e-29,1.21195e-29,1.21195e-29,3.19761e-30,3.19758e-30,8.2704e-31,8.27033e-31,2.09625e-31,2.09623e-31,5.20499e-32,5.20492e-32,1.2656e-32,1.26558e-32,3.01238e-33,3.01231e-33,7.01589e-34,7.0157e-34,1.59823e-34,1.59817e-34,3.55948e-35,3.55932e-35,7.74701e-36,7.74654e-36,1.64693e-36,1.6468e-36,3.4182e-37,3.41784e-37,6.92273e-38,6.92178e-38,1.36736e-38,1.36711e-38,2.63251e-39,2.63188e-39,4.93723e-40,4.93564e-40,9.01479e-41,9.01089e-41,1.60143e-41,1.60049e-41,2.76596e-42,2.76376e-42,4.64158e-43,4.63651e-43,7.5622e-44,7.55078e-44,1.19526e-44,1.19275e-44,1.83133e-45,1.82594e-45,2.71778e-46,2.7065e-46,3.90356e-47,3.8805e-47,5.42217e-48,5.3762e-48,7.27866e-49,7.18933e-49,9.43761e-50,9.26853e-50,1.18166e-50,1.15051e-50,1.42902e-51,1.37318e-51,1.67088e-52,1.57357e-52,1.89321e-53,1.72849e-53,2.08751e-54,1.81685e-54,2.25535e-55,1.82398e-55,2.41154e-56,1.74531e-56,2.58437e-57,1.58815e-57,2.81174e-58,1.37085e-58,3.13301e-59,1.11934e-59,3.57804e-60,8.61929e-61,4.15553e-61,6.23749e-62,4.8441e-62,4.22561e-63,5.5865e-63,2.75134e-64,4.27099e-64
3.22488e-19,3.22488e-19,1.22252e-19,1.22252e-19,4.56718e-20,4.56718e-20,1.68118e-20,1.68118e-20,6.09647e-21,6.09647e-21,2.17751e-21,2.17751e-21,7.65914e-22,7.65914e-22,2.65249e-22,2.65249e-22,9.04264e-23,9.04263e-23,3.03401e-23,3.034e-23,1.00168e-23,1.00167e-23,3.25337e-24,3.25336e-24,1.03929e-24,1.03929e-24,3.2647e-25,3.2647e-25,1.0082e-25,1.0082e-25,3.06015e-26,3.06014e-26,9.12685e-27,9.12684e-27,2.67406e-27,2.67405e-27,7.6944e-28,7.69438e-28,2.17377e-28,2.17376e-28,6.02785e-29,6.02783e-29,1.64019e-29,1.64018e-29,4.37797e-30,4.37794e-30,1.14594e-30,1.14593e-30,2.9405e-31,2.94047e-31,7.39433e-32,7.39425e-32,1.82156e-32,1.82153e-32,4.39432e-33,4.39423e-33,1.03772e-33,1.03769e-33,2.39792e-34,2.39785e-34,5.41972e-35,5.4195e-35,1.19761e-35,1.19755e-35,2.58619e-36,2.58602e-36,5.45511e-37,5.45463e-37,1.12339e-37,1.12327e-37,2.25748e-38,2.25714e-38,4.42433e-39,4.42345e-39,8.45196e-40,8.44972e-40,1.57289e-40,1.57234e-40,2.84975e-41,2.84839e-41,5.02343e-42,5.02019e-42,8.60971e-43,8.60215e-43,1.43373e-43,1.432e-43,2.31801e-44,2.31416e-44,3.63588e-45,3.62748e-45,5.52853e-46,5.51064e-46,8.14281e-47,8.10563e-47,1.16082e-47,1.15328e-47,1.60053e-48,1.58561e-48,2.13296e-49,2.1042e-49,2.74612e-50,2.69212e-50,3.41508e-51,3.31635e-51,4.10377e-52,3.92819e-52,4.77091e-53,4.46733e-53,5.37993e-54,4.87003e-54,5.91167e-55,5.08031e-55,6.37648e-56,5.06177e-56,6.82177e-57,4.80696e-57,7.33072e-58,4.3412e-58,8.00958e-59,3.71907e-59,8.96383e-60,3.01397e-60,1.02669e-60,2.30384e-61,1.17921e-61,1.71139e-62
2.39013e-18,9.38089e-19,9.38089e-19,3.63023e-19,3.63023e-19,1.38491e-19,1.38491e-19,5.20758e-20,5.20758e-20,1.92977e-20,1.92977e-20,7.04616e-21,7.04616e-21,2.53456e-21,2.53456e-21,8.97999e-22,8.97999e-22,3.13322e-22,3.13322e-22,1.07638e-22,1.07638e-22,3.64009e-23,3.64009e-23,1.21156e-23,1.21156e-23,3.96799e-24,3.96798e-24,1.27849e-24,1.27849e-24,4.0516e-25,4.0516e-25,1.26259e-25,1.26259e-25,3.86812e-26,3.86811e-26,1.16476e-26,1.16475e-26,3.44634e-27,3.44633e-27,1.00174e-27,1.00174e-27,2.85966e-28,2.85966e-28,8.01517e-29,8.01514e-29,2.20509e-29,2.20508e-29,5.95286e-30,5.95283e-30,1.57644e-30,1.57643e-30,4.094e-31,4.09396e-31,1.04229e-31,1.04228e-31,2.60049e-32,2.60046e-32,6.35612e-33,6.35602e-33,1.52139e-33,1.52135e-33,3.56477e-34,3.56467e-34,8.17324e-35,8.17296e-35,1.83294e-35,1.83286e-35,4.0189e-36,4.01867e-36,8.61139e-37,8.61075e-37,1.80237e-37,1.8022e-37,3.68304e-38,3.68257e-38,7.34407e-39,7.34285e-39,1.42825e-39,1.42793e-39,2.70746e-40,2.70667e-40,4.99988e-41,4.99793e-41,8.98936e-42,8.98464e-42,1.5725e-42,1.57138e-42,2.67457e-43,2.67198e-43,4.41994e-44,4.41408e-44,7.09187e-45,7.0789e-45,1.10398e-45,1.10118e-45,1.66605e-46,1.66012e-46,2.43556e-47,2.42333e-47,3.44641e-48,3.42181e-48,4.7172e-49,4.66891e-49,6.24145e-50,6.14909e-50,7.97984e-51,7.80773e-51,9.85782e-52,9.54563e-52,1.17725e-52,1.12216e-52,1.3611e-53,1.26658e-53,1.52792e-54,1.37039e-54,1.67371e-55,1.41884e-55,1.80302e-56,1.40308e-56,1.9307e-57,1.32249e-57,2.08095e-58,1.18543e-58,2.28259e-59,1.00327e-59,2.06671e-60
6.62472e-18,6.62472e-18,2.65173e-18,2.65173e-18,1.04688e-18,1.04688e-18,4.07574e-19,4.07574e-19,1.56454e-19,1.56454e-19,5.92065e-20,5.92065e-20,2.20843e-20,2.20843e-20,8.11815e-21,8.11815e-21,2.94045e-21,2.94045e-21,1.04925e-21,1.04925e-21,3.68783e-22,3.68783e-22,1.27647e-22,1.27647e-22,4.35023e-23,4.35023e-23,1.45946e-23,1.45946e-23,4.81905e-24,4.81905e-24,1.56578e-24,1.56578e-24,5.005e-25,5.00499e-25,1.57357e-25,1.57357e-25,4.86495e-26,4.86495e-26,1.47869e-26,1.47869e-26,4.41753e-27,4.41753e-27,1.2968e-27,1.2968e-27,3.73981e-28,3.7398e-28,1.05923e-28,1.05922e-28,2.94559e-29,2.94558e-29,8.04038e-30,8.04034e-30,2.15363e-30,2.15362e-30,5.65881e-31,5.65877e-31,1.45814e-31,1.45813e-31,3.68342e-32,3.68338e-32,9.11868e-33,9.11855e-33,2.21151e-33,2.21147e-33,5.25243e-34,5.2523e-34,1.22118e-34,1.22115e-34,2.77829e-35,2.77819e-35,6.18261e-36,6.18231e-36,1.34516e-36,1.34508e-36,2.86015e-37,2.85992e-37,5.94038e-38,5.93975e-38,1.20458e-38,1.20441e-38,2.38358e-39,2.38314e-39,4.60009e-40,4.59897e-40,8.65367e-41,8.65089e-41,1.58591e-41,1.58523e-41,2.82966e-42,2.82803e-42,4.91237e-43,4.90852e-43,8.29195e-44,8.28312e-44,1.35997e-44,1.35799e-44,2.16569e-45,2.16133e-45,3.34605e-46,3.33671e-46,5.012e-47,4.9924e-47,7.27276e-48,7.23266e-48,1.02159e-48,1.01358e-48,1.38819e-49,1.3726e-49,1.82378e-50,1.79418e-50,2.3158e-51,2.26107e-51,2.84218e-52,2.74367e-52,3.37378e-53,3.20128e-53,3.87999e-54,3.58631e-54,4.33705e-55,3.85133e-55,4.73766e-56,3.95783e-56,5.09914e-57,3.8839e-57,5.44885e-58,2.68146e-58
4.32231e-17,1.78719e-17,1.78719e-17,7.29164e-18,7.29164e-18,2.93506e-18,2.93506e-18,1.16542e-18,1.16542e-18,4.56417e-19,4.56417e-19,1.76272e-19,1.76272e-19,6.71245e-20,6.71245e-20,2.51992e-20,2.51992e-20,9.32457e-21,9.32456e-21,3.40043e-21,3.40043e-21,1.22188e-21,1.22188e-21,4.32547e-22,4.32547e-22,1.50824e-22,1.50824e-22,5.17918e-23,5.17918e-23,1.75113e-23,1.75113e-23,5.82853e-24,5.82853e-24,1.90939e-24,1.90939e-24,6.15505e-25,6.15505e-25,1.952e-25,1.952e-25,6.08894e-26,6.08893e-26,1.86775e-26,1.86774e-26,5.63256e-27,5.63255e-27,1.66956e-27,1.66955e-27,4.86288e-28,4.86287e-28,1.39146e-28,1.39146e-28,3.91037e-29,3.91036e-29,1.07898e-29,1.07898e-29,2.92237e-30,2.92235e-30,7.76698e-31,7.76693e-31,2.02503e-31,2.02502e-31,5.17771e-32,5.17766e-32,1.29785e-32,1.29784e-32,3.18821e-33,3.18816e-33,7.67271e-34,7.67256e-34,1.8083e-34,1.80826e-34,4.17203e-35,4.17189e-35,9.41899e-36,9.4186e-36,2.08e-36,2.07989e-36,4.49091e-37,4.4906e-37,9.47599e-38,9.47514e-38,1.95312e-38,1.95289e-38,3.93038e-39,3.92978e-39,7.71825e-40,7.71669e-40,1.47826e-40,1.47786e-40,2.75985e-41,2.75887e-41,5.01961e-42,5.01723e-42,8.88871e-43,8.88306e-43,1.53149e-43,1.53018e-43,2.56571e-44,2.56271e-44,4.17656e-45,4.16987e-45,6.60137e-46,6.58678e-46,1.01236e-46,1.00925e-46,1.5052e-47,1.49874e-47,2.16815e-48,2.15503e-48,3.02349e-49,2.99749e-49,4.07917e-50,4.02893e-50,5.3218e-51,5.22716e-51,6.71203e-52,6.53838e-52,8.18516e-53,7.87498e-53,9.65931e-54,9.12028e-54,1.10522e-54,1.01414e-54,1.23051e-55,1.07089e-55,1.37803e-56
1.11548e-16,1.11548e-16,4.69732e-17,4.69732e-17,1.95236e-17,1.95236e-17,8.00817e-18,8.00817e-18,3.24123e-18,3.24123e-18,1.29428e-18,1.29428e-18,5.09833e-19,5.09833e-19,1.9808e-19,1.9808e-19,7.58933e-20,7.58932e-20,2.86712e-20,2.86712e-20,1.06783e-20,1.06783e-20,3.92011e-21,3.92011e-21,1.41828e-21,1.41828e-21,5.05615e-22,5.05615e-22,1.7758e-22,1.7758e-22,6.14335e-23,6.14334e-23,2.09301e-23,2.09301e-23,7.02122e-24,7.02121e-24,2.31867e-24,2.31867e-24,7.53643e-25,7.53643e-25,2.41046e-25,2.41046e-25,7.58488e-26,7.58487e-26,2.34756e-26,2.34755e-26,7.145e-27,7.14499e-27,2.13799e-27,2.13799e-27,6.28811e-28,6.28809e-28,1.81734e-28,1.81734e-28,5.15993e-29,5.15991e-29,1.43888e-29,1.43887e-29,3.93966e-30,3.93964e-30,1.05882e-30,1.05881e-30,2.79246e-31,2.79244e-31,7.22469e-32,7.22463e-32,1.83308e-32,1.83306e-32,4.55965e-33,4.55958e-33,1.11153e-33,1.11151e-33,2.65456e-34,2.6545e-34,6.20856e-35,6.20838e-35,1.4215e-35,1.42145e-35,3.18486e-36,3.18471e-36,6.97973e-37,6.97931e-37,1.49556e-37,1.49545e-37,3.13181e-38,3.1315e-38,6.40625e-39,6.40542e-39,1.27944e-39,1.27922e-39,2.49355e-40,2.493e-40,4.73991e-41,4.73852e-41,8.78275e-42,8.77933e-42,1.58543e-42,1.58461e-42,2.78647e-43,2.78452e-43,4.76514e-44,4.76064e-44,7.9236e-45,7.91342e-45,1.28025e-45,1.278e-45,2.00857e-46,2.0037e-46,3.05757e-47,3.04728e-47,4.51281e-48,4.49155e-48,6.45326e-49,6.41043e-49,8.93457e-50,8.85035e-50,1.19692e-50,1.18077e-50,1.5508e-51,1.52061e-51,1.94298e-52,1.888e-52,2.35466e-53,2.2563e-53,2.76989e-54,1.86694e-54
6.46982e-16,2.80866e-16,2.80866e-16,1.20393e-16,1.20393e-16,5.09495e-17,5.09495e-17,2.12845e-17,2.12845e-17,8.77637e-18,8.77637e-18,3.57136e-18,3.57136e-18,1.43404e-18,1.43404e-18,5.68111e-19,5.68111e-19,2.22019e-19,2.22019e-19,8.55789e-20,8.55789e-20,3.25309e-20,3.25309e-20,1.2193e-20,1.2193e-20,4.50551e-21,4.50551e-21,1.64105e-21,1.64105e-21,5.89076e-22,5.89075e-22,2.08362e-22,2.08362e-22,7.26085e-23,7.26084e-23,2.49228e-23,2.49228e-23,8.42498e-24,8.42498e-24,2.80426e-24,2.80425e-24,9.18878e-25,9.18878e-25,2.96348e-25,2.96348e-25,9.40499e-26,9.40498e-26,2.93653e-26,2.93652e-26,9.01847e-27,9.01846e-27,2.72368e-27,2.72367e-27,8.08722e-28,8.08721e-28,2.36026e-28,2.36025e-28,6.76903e-29,6.76901e-29,1.90716e-29,1.90716e-29,5.27749e-30,5.27747e-30,1.43392e-30,1.43392e-30,3.82435e-31,3.82433e-31,1.00091e-31,1.0009e-31,2.56984e-32,2.56982e-32,6.4707e-33,6.47062e-33,1.5973e-33,1.59728e-33,3.86427e-34,3.8642e-34,9.15877e-35,9.15855e-35,2.12587e-35,2.1258e-35,4.83057e-36,4.83038e-36,1.07412e-36,1.07406e-36,2.33623e-37,2.33607e-37,4.96823e-38,4.96781e-38,1.03256e-38,1.03245e-38,2.0963e-39,2.09601e-39,4.15532e-40,4.15455e-40,8.03791e-41,8.03595e-41,1.51649e-41,1.516e-41,2.78902e-42,2.78782e-42,4.99717e-43,4.99431e-43,8.71755e-44,8.71085e-44,1.47974e-44,1.47821e-44,2.44237e-45,2.43893e-45,3.91719e-46,3.90963e-46,6.10051e-47,6.08428e-47,9.2188e-48,9.18476e-48,1.35077e-48,1.3438e-48,1.91771e-49,1.90376e-49,2.63624e-50,2.60902e-50,3.50704e-51,3.45517e-51,4.51379e-52,4.36635e-52,6.12893e-53
1.56384e-15,1.56384e-15,6.90545e-16,6.90545e-16,3.01159e-16,3.01159e-16,1.29704e-16,1.29704e-16,5.51579e-17,5.51579e-17,2.31583e-17,2.31583e-17,9.59829e-18,9.59829e-18,3.92656e-18,3.92656e-18,1.58527e-18,1.58527e-18,6.31546e-19,6.31546e-19,2.48233e-19,2.48233e-19,9.625e-20,9.625e-20,3.68101e-20,3.68101e-20,1.38832e-20,1.38832e-20,5.16302e-21,5.16302e-21,1.89295e-21,1.89295e-21,6.84106e-22,6.84106e-22,2.43661e-22,2.43661e-22,8.55164e-23,8.55164e-23,2.95692e-23,2.95691e-23,1.00711e-23,1.0071e-23,3.37813e-24,3.37813e-24,1.11573e-24,1.11573e-24,3.62776e-25,3.62776e-25,1.16098e-25,1.16098e-25,3.65621e-26,3.6562e-26,1.13282e-26,1.13281e-26,3.45235e-27,3.45235e-27,1.03466e-27,1.03466e-27,3.04867e-28,3.04866e-28,8.82959e-29,8.82957e-29,2.51294e-29,2.51294e-29,7.02626e-30,7.02624e-30,1.92952e-30,1.92951e-30,5.20279e-31,5.20276e-31,1.37709e-31,1.37708e-31,3.57683e-32,3.5768e-32,9.11405e-33,9.11396e-33,2.27753e-33,2.2775e-33,5.57972e-34,5.57963e-34,1.3397e-34,1.33968e-34,3.15137e-35,3.15129e-35,7.2598e-36,7.25955e-36,1.63726e-36,1.63719e-36,3.61331e-37,3.61311e-37,7.80025e-38,7.79969e-38,1.64642e-38,1.64626e-38,3.39628e-39,3.39587e-39,6.84377e-40,6.8427e-40,1.34649e-40,1.34622e-40,2.58528e-41,2.58458e-41,4.84142e-42,4.83971e-42,8.83811e-43,8.83395e-43,1.57186e-43,1.57087e-43,2.7219e-44,2.7196e-44,4.58626e-45,4.58104e-45,7.5143e-46,7.50267e-46,1.19637e-46,1.19384e-46,1.84963e-47,1.84424e-47,2.77484e-48,2.76361e-48,4.03658e-49,4.01375e-49,5.69003e-50,5.64156e-50,7.80019e-51,5.56448e-51
8.13308e-15,3.69566e-15,3.69566e-15,1.65916e-15,1.65916e-15,7.3586e-16,7.3586e-16,3.22376e-16,3.22376e-16,1.39489e-16,1.39489e-16,5.96035e-17,5.96035e-17,2.51483e-17,2.51483e-17,1.04759e-17,1.04759e-17,4.30793e-18,4.30793e-18,1.74856e-18,1.74856e-18,7.00437e-19,7.00437e-19,2.76869e-19,2.76869e-19,1.07978e-19,1.07978e-19,4.1542e-20,4.1542e-20,1.57641e-20,1.57641e-20,5.89946e-21,5.89946e-21,2.17696e-21,2.17696e-21,7.9198e-22,7.9198e-22,2.84009e-22,2.84009e-22,1.00377e-22,1.00376e-22,3.49573e-23,3.49573e-23,1.19943e-23,1.19943e-23,4.05379e-24,4.05379e-24,1.34933e-24,1.34933e-24,4.42243e-25,4.42243e-25,1.42694e-25,1.42694e-25,4.5317e-26,4.5317e-26,1.41625e-26,1.41625e-26,4.35458e-27,4.35458e-27,1.317e-27,1.317e-27,3.91702e-28,3.91702e-28,1.1454e-28,1.1454e-28,3.29219e-29,3.29218e-29,9.29882e-30,9.29879e-30,2.58032e-30,2.58031e-30,7.03248e-31,7.03244e-31,1.88196e-31,1.88195e-31,4.94372e-32,4.94369e-32,1.27442e-32,1.27441e-32,3.22295e-33,3.22292e-33,7.99353e-34,7.99341e-34,1.94367e-34,1.94364e-34,4.63192e-35,4.63181e-35,1.08143e-35,1.0814e-35,2.47271e-36,2.47261e-36,5.53503e-37,5.53476e-37,1.21246e-37,1.21238e-37,2.59797e-38,2.59777e-38,5.44294e-39,5.44239e-39,1.11448e-39,1.11433e-39,2.22916e-40,2.22878e-40,4.35344e-41,4.35247e-41,8.29706e-42,8.29462e-42,1.54235e-42,1.54175e-42,2.79492e-43,2.79348e-43,4.93433e-44,4.93094e-44,8.48201e-45,8.47417e-45,1.41875e-45,1.41698e-45,2.30762e-46,2.30371e-46,3.64738e-47,3.63892e-47,5.59829e-48,5.58023e-48,8.3402e-49,8.19272e-49,1.32544e-49
1.85082e-14,1.85082e-14,8.54499e-15,8.54499e-15,3.89869e-15,3.89869e-15,1.75767e-15,1.75767e-15,7.82924e-16,7.82924e-16,3.44522e-16,3.44522e-16,1.49754e-16,1.49754e-16,6.42914e-17,6.42914e-17,2.72577e-17,2.72577e-17,1.14112e-17,1.14112e-17,4.71657e-18,4.71657e-18,1.9245e-18,1.9245e-18,7.75087e-19,7.75087e-19,3.08079e-19,3.08079e-19,1.20836e-19,1.20836e-19,4.67616e-20,4.67616e-20,1.78517e-20,1.78517e-20,6.72205e-21,6.72205e-21,2.49626e-21,2.49626e-21,9.14069e-22,9.14069e-22,3.29987e-22,3.29987e-22,1.17429e-22,1.17429e-22,4.11848e-23,4.11847e-23,1.42335e-23,1.42335e-23,4.84639e-24,4.84639e-24,1.62548e-24,1.62548e-24,5.36932e-25,5.36932e-25,1.74642e-25,1.74641e-25,5.59218e-26,5.59218e-26,1.76251e-26,1.76251e-26,5.46649e-27,5.46648e-27,1.66808e-27,1.66808e-27,5.00684e-28,5.00683e-28,1.47791e-28,1.4779e-28,4.28909e-29,4.28908e-29,1.22352e-29,1.22352e-29,3.4299e-30,3.42988e-30,9.4462e-31,9.44616e-31,2.5552e-31,2.55519e-31,6.7868e-32,6.78675e-32,1.76951e-32,1.76949e-32,4.52751e-33,4.52746e-33,1.13645e-33,1.13644e-33,2.79764e-34,2.7976e-34,6.75209e-35,6.75195e-35,1.59713e-35,1.59709e-35,3.70124e-36,3.70112e-36,8.40033e-37,8.39998e-37,1.86648e-37,1.86638e-37,4.05838e-38,4.05811e-38,8.63193e-39,8.63118e-39,1.79515e-39,1.79495e-39,3.64866e-40,3.64814e-40,7.24446e-41,7.2431e-41,1.40444e-41,1.4041e-41,2.6571e-42,2.65624e-42,4.90326e-43,4.90117e-43,8.8205e-44,8.81551e-44,1.5459e-44,1.54473e-44,2.63808e-45,2.63541e-45,4.38065e-46,4.37466e-46,7.07387e-47,7.0556e-47,1.11573e-47,8.11176e-48
8.69747e-14,4.1255e-14,4.1255e-14,1.93446e-14,1.93446e-14,8.96596e-15,8.96596e-15,4.10718e-15,4.10718e-15,1.85932e-15,1.85932e-15,8.31726e-16,8.31726e-16,3.67599e-16,3.67599e-16,1.60505e-16,1.60505e-16,6.9226e-17,6.9226e-17,2.94896e-17,2.94896e-17,1.2406e-17,1.2406e-17,5.15356e-18,5.15356e-18,2.11368e-18,2.11368e-18,8.55801e-19,8.55801e-19,3.42019e-19,3.42019e-19,1.349e-19,1.349e-19,5.25047e-20,5.25047e-20,2.01627e-20,2.01627e-20,7.63839e-21,7.63839e-21,2.85424e-21,2.85424e-21,1.05184e-21,1.05184e-21,3.82221e-22,3.82221e-22,1.36934e-22,1.36934e-22,4.83585e-23,4.83585e-23,1.68315e-23,1.68315e-23,5.77285e-24,5.77285e-24,1.95072e-24,1.95072e-24,6.49321e-25,6.49321e-25,2.12864e-25,2.12864e-25,6.87134e-26,6.87134e-26,2.18368e-26,2.18368e-26,6.8306e-27,6.83059e-27,2.10261e-27,2.10261e-27,6.36789e-28,6.36788e-28,1.89703e-28,1.89702e-28,5.55767e-29,5.55766e-29,1.60085e-29,1.60085e-29,4.53257e-30,4.53256e-30,1.26114e-30,1.26113e-30,3.4474e-31,3.44739e-31,9.2559e-32,9.25584e-32,2.44018e-32,2.44016e-32,6.31503e-33,6.31497e-33,1.60381e-33,1.60379e-33,3.99597e-34,3.99591e-34,9.76434e-35,9.76417e-35,2.33923e-35,2.33918e-35,5.49244e-36,5.49229e-36,1.26347e-36,1.26342e-36,2.8465e-37,2.84637e-37,6.27827e-38,6.27791e-38,1.35512e-38,1.35502e-38,2.86117e-39,2.8609e-39,5.90679e-40,5.90607e-40,1.19181e-40,1.19162e-40,2.34911e-41,2.34863e-41,4.52098e-42,4.51977e-42,8.49125e-43,8.48825e-43,1.55557e-43,1.55484e-43,2.77807e-44,2.77635e-44,4.83377e-45,4.82956e-45,8.19183e-46,8.06163e-46,1.48684e-46
1.87204e-13,1.87204e-13,9.01314e-14,9.01314e-14,4.29068e-14,4.29068e-14,2.0194e-14,2.0194e-14,9.39557e-15,9.39557e-15,4.32098e-15,4.32098e-15,1.96406e-15,1.96406e-15,8.82255e-16,8.82255e-16,3.9161e-16,3.9161e-16,1.71746e-16,1.71746e-16,7.44115e-17,7.44115e-17,3.18469e-17,3.18469e-17,1.34622e-17,1.34622e-17,5.61996e-18,5.61996e-18,2.31668e-18,2.31668e-18,9.42889e-19,9.42889e-19,3.78843e-19,3.78843e-19,1.50247e-19,1.50247e-19,5.88089e-20,5.88089e-20,2.27148e-20,2.27148e-20,8.65652e-21,8.65652e-21,3.25449e-21,3.25449e-21,1.20688e-21,1.20688e-21,4.41387e-22,4.41387e-22,1.59178e-22,1.59178e-22,5.65959e-23,5.65959e-23,1.9836e-23,1.9836e-23,6.85201e-24,6.85201e-24,2.33239e-24,2.33239e-24,7.82219e-25,7.82219e-25,2.58416e-25,2.58416e-25,8.40799e-26,8.40799e-26,2.6938e-26,2.6938e-26,8.49674e-27,8.49673e-27,2.63794e-27,2.63794e-27,8.05957e-28,8.05956e-28,2.42271e-28,2.4227e-28,7.16366e-29,7.16364e-29,2.08312e-29,2.08312e-29,5.95578e-30,5.95576e-30,1.67379e-30,1.67378e-30,4.62265e-31,4.62263e-31,1.25429e-31,1.25429e-31,3.34278e-32,3.34275e-32,8.74775e-33,8.74768e-33,2.2472e-33,2.24718e-33,5.66519e-34,5.66512e-34,1.40114e-34,1.40112e-34,3.39866e-35,3.39859e-35,8.0825e-36,8.08231e-36,1.88387e-36,1.88381e-36,4.30196e-37,4.30179e-37,9.62132e-38,9.62085e-38,2.10663e-38,2.1065e-38,4.51395e-39,4.51358e-39,9.46144e-40,9.46045e-40,1.93912e-40,1.93886e-40,3.88421e-41,3.88353e-41,7.60062e-42,7.5989e-42,1.45222e-42,1.45179e-42,2.70787e-43,2.70682e-43,4.92513e-44,4.91815e-44,8.7832e-45,6.46622e-45
8.00372e-13,3.95325e-13,3.95325e-13,1.93123e-13,1.93123e-13,9.33021e-14,9.33021e-14,4.45742e-14,4.45742e-14,2.10556e-14,2.10556e-14,9.83341e-15,9.83341e-15,4.53991e-15,4.53991e-15,2.07182e-15,2.07182e-15,9.34492e-16,9.34492e-16,4.16552e-16,4.16552e-16,1.8348e-16,1.8348e-16,7.98512e-17,7.98512e-17,3.43323e-17,3.43323e-17,1.45814e-17,1.45814e-17,6.11679e-18,6.11679e-18,2.53408e-18,2.53408e-18,1.03666e-18,1.03666e-18,4.18713e-19,4.18713e-19,1.66958e-19,1.66958e-19,6.57127e-20,6.57127e-20,2.55262e-20,2.55262e-20,9.78487e-21,9.78486e-21,3.70081e-21,3.70081e-21,1.38086e-21,1.38086e-21,5.08212e-22,5.08212e-22,1.84468e-22,1.84468e-22,6.60251e-23,6.60251e-23,2.32992e-23,2.32992e-23,8.10481e-24,8.1048e-24,2.77871e-24,2.77871e-24,9.38791e-25,9.38791e-25,3.12494e-25,3.12494e-25,1.02467e-25,1.02466e-25,3.3091e-26,3.3091e-26,1.0523e-26,1.0523e-26,3.29451e-27,3.29451e-27,1.01524e-27,1.01524e-27,3.07886e-28,3.07885e-28,9.18658e-29,9.18657e-29,2.6963e-29,2.69629e-29,7.78273e-30,7.78271e-30,2.20874e-30,2.20873e-30,6.16167e-31,6.16165e-31,1.68922e-31,1.68921e-31,4.54984e-32,4.54981e-32,1.20368e-32,1.20367e-32,3.12686e-33,3.12683e-33,7.97385e-34,7.97377e-34,1.99554e-34,1.99551e-34,4.89948e-35,4.8994e-35,1.17978e-35,1.17976e-35,2.7853e-36,2.78523e-36,6.44484e-37,6.44462e-37,1.46106e-37,1.461e-37,3.244e-38,3.24382e-38,7.05153e-39,7.05104e-39,1.50004e-39,1.49991e-39,3.12149e-40,3.12114e-40,6.35142e-41,6.35049e-41,1.2631e-41,1.26285e-41,2.45388e-42,2.45313e-42,4.65666e-43,4.57997e-43,9.48275e-44
1.63612e-12,1.63612e-12,8.1953e-13,8.1953e-13,4.06081e-13,4.06081e-13,1.99031e-13,1.99031e-13,9.64828e-14,9.64828e-14,4.6255e-14,4.6255e-14,2.19284e-14,2.19284e-14,1.0279e-14,1.0279e-14,4.76378e-15,4.76378e-15,2.18254e-15,2.18254e-15,9.88414e-16,9.88414e-16,4.42423e-16,4.42423e-16,1.95709e-16,1.95709e-16,8.55484e-17,8.55484e-17,3.69482e-17,3.69482e-17,1.57654e-17,1.57654e-17,6.64505e-18,6.64505e-18,2.76644e-18,2.76644e-18,1.13742e-18,1.13742e-18,4.6179e-19,4.6179e-19,1.85113e-19,1.85113e-19,7.32559e-20,7.32559e-20,2.86157e-20,2.86157e-20,1.10323e-20,1.10323e-20,4.19722e-21,4.19722e-21,1.57556e-21,1.57556e-21,5.83477e-22,5.83476e-22,2.13138e-22,2.13138e-22,7.67859e-23,7.67859e-23,2.72784e-23,2.72784e-23,9.55437e-24,9.55437e-24,3.29884e-24,3.29884e-24,1.1226e-24,1.1226e-24,3.76457e-25,3.76456e-25,1.24382e-25,1.24382e-25,4.04829e-26,4.04829e-26,1.29771e-26,1.29771e-26,4.0963e-27,4.09629e-27,1.273e-27,1.273e-27,3.89402e-28,3.89401e-28,1.17223e-28,1.17223e-28,3.47197e-29,3.47196e-29,1.01156e-29,1.01156e-29,2.89844e-30,2.89843e-30,8.16561e-31,8.16558e-31,2.26131e-31,2.2613e-31,6.15415e-32,6.15411e-32,1.64551e-32,1.6455e-32,4.3216e-33,4.32156e-33,1.11449e-33,1.11448e-33,2.82145e-34,2.82142e-34,7.0098e-35,7.0097e-35,1.70861e-35,1.70857e-35,4.08454e-36,4.08445e-36,9.57343e-37,9.57315e-37,2.19921e-37,2.19912e-37,4.94977e-38,4.94954e-38,1.0911e-38,1.09103e-38,2.35472e-39,2.35454e-39,4.97318e-40,4.9727e-40,1.02748e-40,1.02735e-40,2.07576e-41,2.07316e-41,4.12478e-42,3.07017e-42
6.40356e-12,3.28622e-12,3.28622e-12,1.66874e-12,1.66874e-12,8.38414e-13,8.38414e-13,4.16745e-13,4.16745e-13,2.0492e-13,2.0492e-13,9.96694e-14,9.96694e-14,4.79473e-14,4.79473e-14,2.28113e-14,2.28113e-14,1.0732e-14,1.0732e-14,4.99239e-15,4.99239e-15,2.29613e-15,2.29613e-15,1.044e-15,1.044e-15,4.69215e-16,4.69215e-16,2.08435e-16,2.08435e-16,9.15056e-17,9.15056e-17,3.96969e-17,3.96969e-17,1.70157e-17,1.70157e-17,7.20572e-18,7.20572e-18,3.01433e-18,3.01433e-18,1.24548e-18,1.24548e-18,5.08234e-19,5.08234e-19,2.04795e-19,2.04795e-19,8.14793e-20,8.14793e-20,3.20031e-20,3.20031e-20,1.24079e-20,1.24079e-20,4.74795e-21,4.74795e-21,1.7929e-21,1.7929e-21,6.68014e-22,6.68014e-22,2.45546e-22,2.45546e-22,8.90297e-23,8.90297e-23,3.18364e-23,3.18364e-23,1.12262e-23,1.12262e-23,3.90296e-24,3.90296e-24,1.33763e-24,1.33763e-24,4.51837e-25,4.51837e-25,1.50405e-25,1.50405e-25,4.93284e-26,4.93284e-26,1.59371e-26,1.59371e-26,5.07127e-27,5.07127e-27,1.58905e-27,1.58904e-27,4.90211e-28,4.9021e-28,1.48856e-28,1.48856e-28,4.44835e-29,4.44835e-29,1.30793e-29,1.30793e-29,3.78294e-30,3.78293e-30,1.07605e-30,1.07605e-30,3.00948e-31,3.00946e-31,8.27372e-32,8.27368e-32,2.23538e-32,2.23537e-32,5.93381e-33,5.93377e-33,1.54713e-33,1.54712e-33,3.9611e-34,3.96105e-34,9.9557e-35,9.95557e-35,2.45566e-35,2.45562e-35,5.94256e-36,5.94244e-36,1.41042e-36,1.41038e-36,3.28207e-37,3.28197e-37,7.48562e-38,7.48531e-38,1.67275e-38,1.67267e-38,3.66101e-39,3.66077e-39,7.84457e-40,7.84327e-40,1.64573e-40,1.61696e-40,3.70894e-41
1.24783e-11,1.24783e-11,6.48874e-12,6.48874e-12,3.33931e-12,3.33931e-12,1.70063e-12,1.70063e-12,8.57e-13,8.57e-13,4.27302e-13,4.27302e-13,2.10782e-13,2.10782e-13,1.02858e-13,1.02858e-13,4.96489e-14,4.96489e-14,2.37033e-14,2.37033e-14,1.11917e-14,1.11917e-14,5.22553e-15,5.22553e-15,2.41251e-15,2.41251e-15,1.10121e-15,1.10121e-15,4.96923e-16,4.96923e-16,2.21657e-16,2.21657e-16,9.77247e-17,9.77247e-17,4.25804e-17,4.25804e-17,1.83337e-17,1.83337e-17,7.79973e-18,7.79973e-18,3.27829e-18,3.27829e-18,1.36114e-18,1.36114e-18,5.58209e-19,5.58209e-19,2.26087e-19,2.26087e-19,9.04246e-20,9.04246e-20,3.57087e-20,3.57087e-20,1.39214e-20,1.39214e-20,5.35744e-21,5.35744e-21,2.03487e-21,2.03487e-21,7.62714e-22,7.62714e-22,2.82079e-22,2.82079e-22,1.02921e-22,1.02921e-22,3.70418e-23,3.70418e-23,1.31484e-23,1.31484e-23,4.60235e-24,4.60234e-24,1.58833e-24,1.58833e-24,5.40362e-25,5.40361e-25,1.81193e-25,1.81192e-25,5.98732e-26,5.98732e-26,1.94933e-26,1.94932e-26,6.25197e-27,6.25197e-27,1.97492e-27,1.97492e-27,6.14324e-28,6.14324e-28,1.88138e-28,1.88138e-28,5.67151e-29,5.6715e-29,1.68256e-29,1.68256e-29,4.91138e-30,4.91136e-30,1.41025e-30,1.41025e-30,3.98247e-31,3.98246e-31,1.10578e-31,1.10578e-31,3.01815e-32,3.01813e-32,8.09577e-33,8.09572e-33,2.13358e-33,2.13357e-33,5.52304e-34,5.52298e-34,1.40392e-34,1.40391e-34,3.50334e-35,3.50329e-35,8.57958e-36,8.57943e-36,2.0614e-36,2.06135e-36,4.85769e-37,4.85756e-37,1.12235e-37,1.12231e-37,2.54163e-38,2.5415e-38,5.63947e-39,5.63187e-39,1.23404e-39,9.28061e-40
4.49581e-11,2.39231e-11,2.39231e-11,1.26015e-11,1.26015e-11,6.57042e-12,6.57042e-12,3.39073e-12,3.39073e-12,1.73176e-12,1.73176e-12,8.75266e-13,8.75266e-13,4.37739e-13,4.37739e-13,2.16609e-13,2.16609e-13,1.06044e-13,1.06044e-13,5.13576e-14,5.13576e-14,2.46034e-14,2.46034e-14,1.16578e-14,1.16578e-14,5.46298e-15,5.46298e-15,2.53159e-15,2.53159e-15,1.16002e-15,1.16002e-15,5.25534e-16,5.25534e-16,2.35375e-16,2.35375e-16,1.04207e-16,1.04207e-16,4.56004e-17,4.56004e-17,1.97208e-17,1.97208e-17,8.42795e-18,8.42795e-18,3.55886e-18,3.55886e-18,1.48471e-18,1.48471e-18,6.11878e-19,6.11878e-19,2.49075e-19,2.49075e-19,1.00135e-19,1.00135e-19,3.97534e-20,3.97534e-20,1.55828e-20,1.55828e-20,6.03033e-21,6.03033e-21,2.30359e-21,2.30359e-21,8.68521e-22,8.68521e-22,3.2315e-22,3.2315e-22,1.18636e-22,1.18636e-22,4.29691e-23,4.29691e-23,1.53517e-23,1.53517e-23,5.40945e-24,5.40945e-24,1.87965e-24,1.87965e-24,6.43964e-25,6.43964e-25,2.17487e-25,2.17487e-25,7.2397e-26,7.2397e-26,2.37492e-26,2.37491e-26,7.67608e-27,7.67608e-27,2.44408e-27,2.44408e-27,7.6647e-28,7.6647e-28,2.36699e-28,2.36698e-28,7.19665e-29,7.19664e-29,2.15383e-29,2.15383e-29,6.34379e-30,6.34377e-30,1.83843e-30,1.83843e-30,5.24099e-31,5.24097e-31,1.46942e-31,1.46941e-31,4.05081e-32,4.05079e-32,1.09774e-32,1.09773e-32,2.9235e-33,2.92348e-33,7.64974e-34,7.64967e-34,1.96613e-34,1.96611e-34,4.96224e-35,4.96217e-35,1.22948e-35,1.22946e-35,2.9896e-36,2.98954e-36,7.13215e-37,7.13197e-37,1.66881e-37,1.66859e-37,3.83055e-38,3.75959e-38,9.45016e-39
8.3791e-11,8.3791e-11,4.51452e-11,4.51452e-11,2.4082e-11,2.4082e-11,1.27177e-11,1.27177e-11,6.64855e-12,6.64855e-12,3.44042e-12,3.44042e-12,1.76209e-12,1.76209e-12,8.9319e-13,8.9319e-13,4.48044e-13,4.48044e-13,2.22395e-13,2.22395e-13,1.09224e-13,1.09224e-13,5.30714e-14,5.30714e-14,2.55104e-14,2.55104e-14,1.21297e-14,1.21297e-14,5.70449e-15,5.70449e-15,2.65325e-15,2.65325e-15,1.22038e-15,1.22038e-15,5.55038e-16,5.55038e-16,2.49586e-16,2.49586e-16,1.10954e-16,1.10954e-16,4.87583e-17,4.87583e-17,2.11783e-17,2.11783e-17,9.09124e-18,9.09124e-18,3.85655e-18,3.85655e-18,1.61648e-18,1.61648e-18,6.69404e-19,6.69404e-19,2.73843e-19,2.73843e-19,1.10653e-19,1.10653e-19,4.41585e-20,4.41585e-20,1.74023e-20,1.74023e-20,6.77149e-21,6.77149e-21,2.6013e-21,2.6013e-21,9.86437e-22,9.86437e-22,3.692e-22,3.692e-22,1.36367e-22,1.36367e-22,4.9699e-23,4.96989e-23,1.78697e-23,1.78697e-23,6.33798e-24,6.33798e-24,2.2171e-24,2.2171e-24,7.64807e-25,7.64807e-25,2.60125e-25,2.60125e-25,8.72175e-26,8.72174e-26,2.88234e-26,2.88234e-26,9.38708e-27,9.38707e-27,3.0122e-27,3.0122e-27,9.52195e-28,9.52194e-28,2.96466e-28,2.96466e-28,9.0897e-29,9.08969e-29,2.74386e-29,2.74386e-29,8.15316e-30,8.15314e-30,2.38423e-30,2.38423e-30,6.86022e-31,6.8602e-31,1.94177e-31,1.94176e-31,5.4054e-32,5.40538e-32,1.47954e-32,1.47953e-32,3.98097e-33,3.98094e-33,1.0527e-33,1.05269e-33,2.73503e-34,2.735e-34,6.97983e-35,6.97975e-35,1.74917e-35,1.74915e-35,4.30331e-36,4.3032e-36,1.03907e-36,1.0375e-36,2.47985e-37,1.88355e-37
2.79317e-10,1.53827e-10,1.53827e-10,8.38947e-11,8.38947e-11,4.53076e-11,4.53076e-11,2.42276e-11,2.42276e-11,1.28268e-11,1.28268e-11,6.72306e-12,6.72306e-12,3.48834e-12,3.48834e-12,1.7916e-12,1.7916e-12,9.10751e-13,9.10751e-13,4.58204e-13,4.58204e-13,2.28131e-13,2.28131e-13,1.12393e-13,1.12393e-13,5.4788e-14,5.4788e-14,2.64233e-14,2.64233e-14,1.26069e-14,1.26069e-14,5.94983e-15,5.94983e-15,2.77741e-15,2.77741e-15,1.28226e-15,1.28226e-15,5.85419e-16,5.85419e-16,2.64286e-16,2.64286e-16,1.17966e-16,1.17966e-16,5.20555e-17,5.20555e-17,2.27072e-17,2.27072e-17,9.79037e-18,9.79037e-18,4.17186e-18,4.17186e-18,1.75674e-18,1.75674e-18,7.30947e-19,7.30947e-19,3.00478e-19,3.00478e-19,1.22023e-19,1.22023e-19,4.89462e-20,4.89462e-20,1.93907e-20,1.93907e-20,7.58596e-21,7.58596e-21,2.93033e-21,2.93033e-21,1.11752e-21,1.11752e-21,4.207e-22,4.207e-22,1.56317e-22,1.56317e-22,5.73188e-23,5.73188e-23,2.07388e-23,2.07388e-23,7.40297e-24,7.40297e-24,2.60674e-24,2.60674e-24,9.053e-25,9.05299e-25,3.10044e-25,3.10044e-25,1.04694e-25,1.04694e-25,3.48511e-26,3.48511e-26,1.14349e-26,1.14349e-26,3.69743e-27,3.69742e-27,1.17798e-27,1.17798e-27,3.69715e-28,3.69715e-28,1.1429e-28,1.1429e-28,3.4792e-29,3.4792e-29,1.04278e-29,1.04278e-29,3.07652e-30,3.07652e-30,8.93288e-31,8.93285e-31,2.55207e-31,2.55206e-31,7.17246e-32,7.17243e-32,1.98252e-32,1.98251e-32,5.38817e-33,5.38814e-33,1.43956e-33,1.43955e-33,3.77988e-34,3.77985e-34,9.7515e-35,9.7514e-35,2.47113e-35,2.47078e-35,6.15318e-36,6.03318e-36,1.64698e-36
4.99404e-10,4.99404e-10,2.7829e-10,2.7829e-10,1.53593e-10,1.53593e-10,8.3955e-11,8.3955e-11,4.54455e-11,4.54455e-11,2.43597e-11,2.43597e-11,1.29288e-11,1.29288e-11,6.79392e-12,6.79392e-12,3.53446e-12,3.53446e-12,1.82025e-12,1.82025e-12,9.2793e-13,9.2793e-13,4.68207e-13,4.68207e-13,2.33811e-13,2.33811e-13,1.15548e-13,1.15548e-13,5.65054e-14,5.65054e-14,2.7341e-14,2.7341e-14,1.30888e-14,1.30888e-14,6.19873e-15,6.19873e-15,2.90394e-15,2.90394e-15,1.3456e-15,1.3456e-15,6.16661e-16,6.16661e-16,2.79472e-16,2.79472e-16,1.25242e-16,1.25242e-16,5.54927e-17,5.54927e-17,2.43084e-17,2.43084e-17,1.05261e-17,1.05261e-17,4.50527e-18,4.50527e-18,1.90578e-18,1.90578e-18,7.96667e-19,7.96667e-19,3.29066e-19,3.29066e-19,1.3429e-19,1.3429e-19,5.41387e-20,5.41387e-20,2.15588e-20,2.15588e-20,8.47898e-21,8.47898e-21,3.29313e-21,3.29313e-21,1.2629e-21,1.2629e-21,4.78149e-22,4.78149e-22,1.78706e-22,1.78706e-22,6.59227e-23,6.59227e-23,2.3999e-23,2.3999e-23,8.6209e-24,8.62089e-24,3.05527e-24,3.05526e-24,1.06812e-24,1.06812e-24,3.68296e-25,3.68296e-25,1.25232e-25,1.25232e-25,4.19859e-26,4.19859e-26,1.38769e-26,1.38769e-26,4.52073e-27,4.52072e-27,1.45136e-27,1.45136e-27,4.59114e-28,4.59113e-28,1.43074e-28,1.43074e-28,4.39154e-29,4.39153e-29,1.32741e-29,1.32741e-29,3.95039e-30,3.95038e-30,1.15727e-30,1.15726e-30,3.33652e-31,3.33651e-31,9.46519e-32,9.46515e-32,2.64145e-32,2.64144e-32,7.24993e-33,7.24989e-33,1.9566e-33,1.95659e-33,5.19088e-34,5.19078e-34,1.35352e-34,1.35122e-34,3.49516e-35,2.68025e-35
1.54738e-09,8.80483e-10,8.80483e-10,4.96325e-10,4.96325e-10,2.77143e-10,2.77143e-10,1.53287e-10,1.53287e-10,8.3973e-11,8.3973e-11,4.55592e-11,4.55592e-11,2.44785e-11,2.44785e-11,1.30237e-11,1.30237e-11,6.86109e-12,6.86109e-12,3.57873e-12,3.57873e-12,1.84803e-12,1.84803e-12,9.44709e-13,9.44709e-13,4.78041e-13,4.78041e-13,2.39428e-13,2.39428e-13,1.18684e-13,1.18684e-13,5.82214e-14,5.82214e-14,2.82624e-14,2.82624e-14,1.35748e-14,1.35748e-14,6.45093e-15,6.45093e-15,3.03273e-15,3.03273e-15,1.41036e-15,1.41036e-15,6.48745e-16,6.48745e-16,2.95136e-16,2.95136e-16,1.32781e-16,1.32781e-16,5.90707e-17,5.90707e-17,2.5983e-17,2.5983e-17,1.12991e-17,1.12991e-17,4.85723e-18,4.85723e-18,2.06388e-18,2.06387e-18,8.66722e-19,8.66721e-19,3.59692e-19,3.59692e-19,1.47499e-19,1.47499e-19,5.97591e-20,5.97591e-20,2.39181e-20,2.39181e-20,9.456e-21,9.456e-21,3.69226e-21,3.69226e-21,1.42373e-21,1.42373e-21,5.42076e-22,5.42076e-22,2.03767e-22,2.03767e-22,7.5612e-23,7.5612e-23,2.76932e-23,2.76932e-23,1.00097e-23,1.00097e-23,3.57004e-24,3.57004e-24,1.25622e-24,1.25622e-24,4.36051e-25,4.36051e-25,1.49286e-25,1.49286e-25,5.04018e-26,5.04018e-26,1.67783e-26,1.67783e-26,5.50621e-27,5.50621e-27,1.7811e-27,1.7811e-27,5.67781e-28,5.67781e-28,1.78342e-28,1.78342e-28,5.51855e-29,5.51854e-29,1.68196e-29,1.68196e-29,5.04829e-30,5.04828e-30,1.49184e-30,1.49184e-30,4.33973e-31,4.33972e-31,1.24244e-31,1.24244e-31,3.49998e-32,3.49996e-32,9.69922e-33,9.69917e-33,2.64359e-33,2.64315e-33,7.08989e-34,6.94531e-34,2.04365e-34
2.66139e-09,2.66139e-09,1.53133e-09,1.53133e-09,8.72991e-10,8.72991e-10,4.93065e-10,4.93065e-10,2.75882e-10,2.75882e-10,1.5291e-10,1.5291e-10,8.39493e-11,8.39493e-11,4.56492e-11,4.56492e-11,2.45841e-11,2.45841e-11,1.31115e-11,1.31115e-11,6.92454e-12,6.92454e-12,3.62112e-12,3.62112e-12,1.87489e-12,1.87489e-12,9.6107e-13,9.6107e-13,4.87695e-13,4.87695e-13,2.44975e-13,2.44975e-13,1.21798e-13,1.21798e-13,5.99339e-14,5.99339e-14,2.91863e-14,2.91863e-14,1.40645e-14,1.40645e-14,6.70616e-15,6.70616e-15,3.16365e-15,3.16365e-15,1.47649e-15,1.47649e-15,6.81649e-16,6.81649e-16,3.11273e-16,3.11273e-16,1.40582e-16,1.40582e-16,6.27897e-17,6.27897e-17,2.77314e-17,2.77314e-17,1.21099e-17,1.21099e-17,5.22817e-18,5.22817e-18,2.23129e-18,2.23129e-18,9.41265e-19,9.41265e-19,3.92441e-19,3.92441e-19,1.61695e-19,1.61695e-19,6.58304e-20,6.58304e-20,2.64801e-20,2.64801e-20,1.05226e-20,1.05226e-20,4.13037e-21,4.13037e-21,1.60126e-21,1.60126e-21,6.13042e-22,6.13042e-22,2.3175e-22,2.3175e-22,8.64952e-23,8.64952e-23,3.18678e-23,3.18678e-23,1.15889e-23,1.15889e-23,4.15912e-24,4.15912e-24,1.47288e-24,1.47288e-24,5.14613e-25,5.14612e-25,1.77367e-25,1.77367e-25,6.02952e-26,6.02952e-26,2.02134e-26,2.02134e-26,6.68151e-27,6.68151e-27,2.1773e-27,2.1773e-27,6.99351e-28,6.99351e-28,2.21377e-28,2.21377e-28,6.90485e-29,6.90484e-29,2.12168e-29,2.12167e-29,6.42137e-30,6.42136e-30,1.91389e-30,1.91388e-30,5.61641e-31,5.6164e-31,1.62244e-31,1.62243e-31,4.61267e-32,4.61258e-32,1.29047e-32,1.28801e-32,3.58138e-33,2.7719e-33
7.69709e-09,4.51811e-09,4.51811e-09,2.62817e-09,2.62817e-09,1.51492e-09,1.51492e-09,8.65243e-10,8.65243e-10,4.89632e-10,4.89632e-10,2.74509e-10,2.74509e-10,1.52465e-10,1.52465e-10,8.38849e-11,8.38849e-11,4.57156e-11,4.57156e-11,2.46766e-11,2.46766e-11,1.31921e-11,1.31921e-11,6.98425e-12,6.98425e-12,3.66162e-12,3.66162e-12,1.90082e-12,1.90082e-12,9.76996e-13,9.76996e-13,4.97158e-13,4.97158e-13,2.50446e-13,2.50446e-13,1.24887e-13,1.24887e-13,6.16407e-14,6.16407e-14,3.01116e-14,3.01116e-14,1.45572e-14,1.45572e-14,6.96414e-15,6.96414e-15,3.29657e-15,3.29657e-15,1.54392e-15,1.54392e-15,7.15352e-16,7.15352e-16,3.27874e-16,3.27874e-16,1.48644e-16,1.48644e-16,6.66497e-17,6.66497e-17,2.95544e-17,2.95544e-17,1.29592e-17,1.29592e-17,5.61848e-18,5.61848e-18,2.40827e-18,2.40827e-18,1.02045e-18,1.02045e-18,4.27399e-19,4.27399e-19,1.76923e-19,1.76923e-19,7.23763e-20,7.23763e-20,2.92566e-20,2.92565e-20,1.16846e-20,1.16846e-20,4.61023e-21,4.61023e-21,1.79678e-21,1.79678e-21,6.91636e-22,6.91636e-22,2.62918e-22,2.62918e-22,9.86883e-23,9.86883e-23,3.6573e-23,3.6573e-23,1.33797e-23,1.33797e-23,4.83131e-24,4.83131e-24,1.7217e-24,1.72169e-24,6.05424e-25,6.05424e-25,2.10045e-25,2.10045e-25,7.18869e-26,7.18869e-26,2.42664e-26,2.42664e-26,8.07819e-27,8.07819e-27,2.65158e-27,2.65158e-27,8.58038e-28,8.58038e-28,2.73683e-28,2.73682e-28,8.60303e-29,8.60302e-29,2.66467e-29,2.66466e-29,8.13096e-30,8.13095e-30,2.44382e-30,2.44381e-30,7.23334e-31,7.23331e-31,2.108e-31,2.10759e-31,6.05229e-32,5.92404e-32,1.86693e-32
1.27667e-08,1.27667e-08,7.57345e-09,7.57345e-09,4.45278e-09,4.45278e-09,2.59456e-09,2.59456e-09,1.49819e-09,1.49819e-09,8.57252e-10,8.57252e-10,4.86033e-10,4.86033e-10,2.7303e-10,2.7303e-10,1.51954e-10,1.51954e-10,8.37807e-11,8.37807e-11,4.5759e-11,4.5759e-11,2.4756e-11,2.4756e-11,1.32656e-11,1.32656e-11,7.0402e-12,7.0402e-12,3.70018e-12,3.70018e-12,1.9258e-12,1.9258e-12,9.92472e-13,9.92472e-13,5.0642e-13,5.0642e-13,2.55833e-13,2.55833e-13,1.27945e-13,1.27945e-13,6.33399e-14,6.33399e-14,3.10372e-14,3.10372e-14,1.50524e-14,1.50524e-14,7.22458e-15,7.22458e-15,3.43135e-15,3.43135e-15,1.6126e-15,1.6126e-15,7.49828e-16,7.49828e-16,3.4493e-16,3.4493e-16,1.56962e-16,1.56962e-16,7.06506e-17,7.06506e-17,3.14524e-17,3.14524e-17,1.38473e-17,1.38473e-17,6.02854e-18,6.02854e-18,2.59507e-18,2.59507e-18,1.10442e-18,1.10442e-18,4.64648e-19,4.64648e-19,1.93229e-19,1.93229e-19,7.94204e-20,7.94204e-20,3.22595e-20,3.22595e-20,1.2948e-20,1.2948e-20,5.1347e-21,5.1347e-21,2.01162e-21,2.01162e-21,7.78477e-22,7.78477e-22,2.97551e-22,2.97551e-22,1.12315e-22,1.12315e-22,4.18624e-23,4.18624e-23,1.5405e-23,1.5405e-23,5.5962e-24,5.5962e-24,2.00661e-24,2.00661e-24,7.10081e-25,7.10081e-25,2.47953e-25,2.47953e-25,8.54245e-26,8.54245e-26,2.90325e-26,2.90325e-26,9.73218e-27,9.73218e-27,3.21729e-27,3.21729e-27,1.04872e-27,1.04871e-27,3.37007e-28,3.37007e-28,1.06749e-28,1.06749e-28,3.33239e-29,3.33238e-29,1.02503e-29,1.02503e-29,3.10622e-30,3.10615e-30,9.27242e-31,9.25289e-31,2.74981e-31,2.14743e-31
3.45977e-08,2.09196e-08,2.09196e-08,1.2539e-08,1.2539e-08,7.44984e-09,7.44984e-09,4.38714e-09,4.38714e-09,2.56059e-09,2.56059e-09,1.48114e-09,1.48114e-09,8.49034e-10,8.49034e-10,4.82278e-10,4.82278e-10,2.71447e-10,2.71447e-10,1.51378e-10,1.51378e-10,8.36377e-11,8.36377e-11,4.57797e-11,4.57797e-11,2.48227e-11,2.48227e-11,1.33321e-11,1.33321e-11,7.09237e-12,7.09237e-12,3.7368e-12,3.7368e-12,1.94981e-12,1.94981e-12,1.00748e-12,1.00748e-12,5.15471e-13,5.15471e-13,2.61132e-13,2.61132e-13,1.3097e-13,1.3097e-13,6.50292e-14,6.50292e-14,3.1962e-14,3.1962e-14,1.55495e-14,1.55495e-14,7.4872e-15,7.4872e-15,3.56786e-15,3.56786e-15,1.68247e-15,1.68247e-15,7.8505e-16,7.8505e-16,3.6243e-16,3.6243e-16,1.65535e-16,1.65535e-16,7.47917e-17,7.47917e-17,3.34255e-17,3.34255e-17,1.47748e-17,1.47748e-17,6.45868e-18,6.45868e-18,2.79192e-18,2.79192e-18,1.19332e-18,1.19332e-18,5.04271e-19,5.04271e-19,2.10657e-19,2.10657e-19,8.69866e-20,8.69865e-20,3.55013e-20,3.55013e-20,1.43187e-20,1.43187e-20,5.70673e-21,5.70673e-21,2.2472e-21,2.2472e-21,8.74217e-22,8.74217e-22,3.35945e-22,3.35945e-22,1.27508e-22,1.27508e-22,4.77936e-23,4.77936e-23,1.76895e-23,1.76895e-23,6.46423e-24,6.46423e-24,2.33193e-24,2.33193e-24,8.30341e-25,8.3034e-25,2.91794e-25,2.91794e-25,1.01185e-25,1.01185e-25,3.46188e-26,3.46188e-26,1.16842e-26,1.16842e-26,3.88969e-27,3.88969e-27,1.27699e-27,1.27699e-27,4.13383e-28,4.13383e-28,1.31927e-28,1.31927e-28,4.15014e-29,4.15013e-29,1.28667e-29,1.28638e-29,3.93418e-30,3.84803e-30,1.29169e-30
5.54665e-08,5.54665e-08,3.38759e-08,3.38759e-08,2.05118e-08,2.05118e-08,1.23125e-08,1.23125e-08,7.32638e-09,7.32638e-09,4.32128e-09,4.32128e-09,2.52631e-09,2.52631e-09,1.46382e-09,1.46382e-09,8.40602e-10,8.40602e-10,4.78372e-10,4.78372e-10,2.69766e-10,2.69766e-10,1.5074e-10,1.5074e-10,8.34569e-11,8.34569e-11,4.57782e-11,4.57782e-11,2.48766e-11,2.48766e-11,1.33915e-11,1.33915e-11,7.14077e-12,7.14077e-12,3.77145e-12,3.77145e-12,1.97283e-12,1.97283e-12,1.02201e-12,1.02201e-12,5.24301e-13,5.24301e-13,2.66335e-13,2.66335e-13,1.33958e-13,1.33958e-13,6.67067e-14,6.67067e-14,3.28849e-14,3.28849e-14,1.60478e-14,1.60478e-14,7.75168e-15,7.75168e-15,3.70595e-15,3.70595e-15,1.75345e-15,1.75345e-15,8.2099e-16,8.2099e-16,3.80365e-16,3.80365e-16,1.74358e-16,1.74358e-16,7.90722e-17,7.90722e-17,3.54739e-17,3.54739e-17,1.57419e-17,1.57419e-17,6.90921e-18,6.90921e-18,2.99904e-18,2.99904e-18,1.28729e-18,1.28729e-18,5.46348e-19,5.46348e-19,2.29254e-19,2.29254e-19,9.50988e-20,9.50988e-20,3.89941e-20,3.89941e-20,1.58031e-20,1.58031e-20,6.32936e-21,6.32936e-21,2.50497e-21,2.50497e-21,9.79534e-22,9.79534e-22,3.78411e-22,3.78411e-22,1.44405e-22,1.44405e-22,5.44283e-23,5.44282e-23,2.02598e-23,2.02598e-23,7.44667e-24,7.44667e-24,2.70239e-24,2.70239e-24,9.68135e-25,9.68135e-25,3.42348e-25,3.42348e-25,1.19477e-25,1.19477e-25,4.11455e-26,4.11454e-26,1.39804e-26,1.39804e-26,4.68614e-27,4.68614e-27,1.54932e-27,1.54932e-27,5.05158e-28,5.05158e-28,1.62408e-28,1.62404e-28,5.14819e-29,5.13631e-29,1.62337e-29,1.27879e-29
1.41349e-07,8.7921e-08,8.7921e-08,5.42275e-08,5.42275e-08,3.31627e-08,3.31627e-08,2.01076e-08,2.01076e-08,1.20872e-08,1.20872e-08,7.20314e-09,7.20314e-09,4.25524e-09,4.25524e-09,2.49176e-09,2.49176e-09,1.44625e-09,1.44625e-09,8.3197e-10,8.3197e-10,4.74324e-10,4.74324e-10,2.67991e-10,2.67991e-10,1.50042e-10,1.50042e-10,8.32392e-11,8.32392e-11,4.57549e-11,4.57549e-11,2.4918e-11,2.4918e-11,1.3444e-11,1.3444e-11,7.1854e-12,7.1854e-12,3.80412e-12,3.80412e-12,1.99484e-12,1.99484e-12,1.03605e-12,1.03605e-12,5.32902e-13,5.32902e-13,2.71438e-13,2.71438e-13,1.36906e-13,1.36906e-13,6.83703e-14,6.83703e-14,3.38047e-14,3.38047e-14,1.65469e-14,1.65469e-14,8.01774e-15,8.01774e-15,3.84548e-15,3.84548e-15,1.82547e-15,1.82547e-15,8.57618e-16,8.57618e-16,3.9872e-16,3.9872e-16,1.83426e-16,1.83426e-16,8.34907e-17,8.34907e-17,3.75975e-17,3.75975e-17,1.67489e-17,1.67489e-17,7.3804e-18,7.3804e-18,3.21662e-18,3.21662e-18,1.38646e-18,1.38646e-18,5.90957e-19,5.90957e-19,2.49062e-19,2.49062e-19,1.03781e-19,1.03781e-19,4.27507e-20,4.27507e-20,1.74075e-20,1.74075e-20,7.00573e-21,7.00573e-21,2.78642e-21,2.78642e-21,1.09514e-21,1.09514e-21,4.25276e-22,4.25276e-22,1.63156e-22,1.63156e-22,6.18318e-23,6.18318e-23,2.31445e-23,2.31445e-23,8.55574e-24,8.55573e-24,3.1231e-24,3.1231e-24,1.12558e-24,1.12558e-24,4.00473e-25,4.00472e-25,1.40643e-25,1.40642e-25,4.8747e-26,4.8747e-26,1.66727e-26,1.66727e-26,5.62637e-27,5.62636e-27,1.87305e-27,1.87304e-27,6.15048e-28,6.1489e-28,1.99373e-28,1.94884e-28,6.93483e-29
2.19493e-07,2.19493e-07,1.37834e-07,1.37834e-07,8.58356e-08,8.58356e-08,5.30069e-08,5.30069e-08,3.24584e-08,3.24584e-08,1.97073e-08,1.97073e-08,1.18634e-08,1.18634e-08,7.08024e-09,7.08024e-09,4.18909e-09,4.18909e-09,2.45696e-09,2.45696e-09,1.42843e-09,1.42843e-09,8.2315e-10,8.2315e-10,4.70142e-10,4.70142e-10,2.66124e-10,2.66124e-10,1.49286e-10,1.49286e-10,8.29857e-11,8.29857e-11,4.57102e-11,4.57102e-11,2.49471e-11,2.49471e-11,1.34895e-11,1.34895e-11,7.22626e-12,7.22626e-12,3.8348e-12,3.8348e-12,2.01584e-12,2.01584e-12,1.04959e-12,1.04959e-12,5.41265e-13,5.41265e-13,2.76435e-13,2.76435e-13,1.39809e-13,1.39809e-13,7.00182e-14,7.00182e-14,3.47204e-14,3.47204e-14,1.70461e-14,1.70461e-14,8.28507e-15,8.28507e-15,3.98629e-15,3.98629e-15,1.89848e-15,1.89848e-15,8.94901e-16,8.94901e-16,4.17483e-16,4.17483e-16,1.92736e-16,1.92736e-16,8.80459e-17,8.80459e-17,3.97962e-17,3.97962e-17,1.7796e-17,1.7796e-17,7.87249e-18,7.87249e-18,3.44486e-18,3.44486e-18,1.49094e-18,1.49094e-18,6.38176e-19,6.38176e-19,2.70126e-19,2.70126e-19,1.13057e-19,1.13057e-19,4.67835e-20,4.67835e-20,1.91383e-20,1.91383e-20,7.73905e-21,7.73905e-21,3.09313e-21,3.09313e-21,1.22177e-21,1.22177e-21,4.76883e-22,4.76883e-22,1.83915e-22,1.83915e-22,7.00739e-23,7.00739e-23,2.63741e-23,2.63741e-23,9.80457e-24,9.80456e-24,3.59961e-24,3.59961e-24,1.30499e-24,1.30499e-24,4.67113e-25,4.67113e-25,1.65062e-25,1.65062e-25,5.75736e-26,5.75736e-26,1.98194e-26,1.98194e-26,6.7327e-27,6.73249e-27,2.25686e-27,2.2512e-27,7.53429e-28,5.98515e-28
5.27718e-07,3.37247e-07,3.37247e-07,2.13767e-07,2.13767e-07,1.34387e-07,1.34387e-07,8.37867e-08,8.37867e-08,5.1805e-08,5.1805e-08,3.17631e-08,3.17631e-08,1.9311e-08,1.9311e-08,1.16411e-08,1.16411e-08,6.95774e-09,6.95774e-09,4.12289e-09,4.12289e-09,2.42197e-09,2.42197e-09,1.41041e-09,1.41041e-09,8.14158e-10,8.14158e-10,4.65833e-10,4.65833e-10,2.64171e-10,2.64171e-10,1.48473e-10,1.48473e-10,8.26974e-11,8.26974e-11,4.56447e-11,4.56447e-11,2.49641e-11,2.49641e-11,1.35282e-11,1.35282e-11,7.26338e-12,7.26338e-12,3.86349e-12,3.86349e-12,2.0358e-12,2.0358e-12,1.06262e-12,1.06262e-12,5.49384e-13,5.49384e-13,2.8132e-13,2.8132e-13,1.42666e-13,1.42666e-13,7.16484e-14,7.16484e-14,3.56308e-14,3.56308e-14,1.75447e-14,1.75447e-14,8.55337e-15,8.55337e-15,4.12823e-15,4.12823e-15,1.97239e-15,1.97239e-15,9.32806e-16,9.32806e-16,4.3664e-16,4.3664e-16,2.02281e-16,2.02281e-16,9.27359e-17,9.27359e-17,4.20696e-17,4.20696e-17,1.88833e-17,1.88833e-17,8.38567e-18,8.38567e-18,3.68393e-18,3.68393e-18,1.60087e-18,1.60087e-18,6.88077e-19,6.88077e-19,2.92489e-19,2.92489e-19,1.22951e-19,1.22951e-19,5.11052e-20,5.11052e-20,2.10021e-20,2.10021e-20,8.53258e-21,8.53258e-21,3.42669e-21,3.42669e-21,1.36019e-21,1.36019e-21,5.3359e-22,5.3359e-22,2.06848e-22,2.06848e-22,7.92285e-23,7.92285e-23,2.99812e-23,2.99812e-23,1.12073e-23,1.12073e-23,4.13796e-24,4.13796e-24,1.50887e-24,1.50887e-24,5.43305e-25,5.43305e-25,1.93155e-25,1.93155e-25,6.77922e-26,6.77919e-26,2.34863e-26,2.34794e-26,8.03924e-27,7.85394e-27,2.95033e-27
7.95258e-07,7.95258e-07,5.12848e-07,5.12848e-07,3.28067e-07,3.28067e-07,2.08165e-07,2.08165e-07,1.31008e-07,1.31008e-07,8.17744e-08,8.17744e-08,5.06218e-08,5.06218e-08,3.1077e-08,3.1077e-08,1.89189e-08,1.89189e-08,1.14205e-08,1.14205e-08,6.83575e-09,6.83575e-09,4.05669e-09,4.05669e-09,2.38681e-09,2.38681e-09,1.3922e-09,1.3922e-09,8.05004e-10,8.05004e-10,4.61404e-10,4.61404e-10,2.62136e-10,2.62136e-10,1.47607e-10,1.47607e-10,8.23755e-11,8.23755e-11,4.55588e-11,4.55588e-11,2.49692e-11,2.49692e-11,1.35602e-11,1.35602e-11,7.29676e-12,7.29676e-12,3.89017e-12,3.89017e-12,2.05473e-12,2.05473e-12,1.07512e-12,1.07512e-12,5.57249e-13,5.57249e-13,2.86089e-13,2.86089e-13,1.45473e-13,1.45473e-13,7.3259e-14,7.3259e-14,3.6535e-14,3.6535e-14,1.80424e-14,1.80424e-14,8.82231e-15,8.82231e-15,4.27114e-15,4.27114e-15,2.04713e-15,2.04713e-15,9.71297e-16,9.71297e-16,4.56175e-16,4.56175e-16,2.12054e-16,2.12054e-16,9.75586e-17,9.75586e-17,4.4417e-17,4.4417e-17,2.00108e-17,2.00108e-17,8.9201e-18,8.9201e-18,3.93397e-18,3.93397e-18,1.71636e-18,1.71636e-18,7.40732e-19,7.40732e-19,3.16192e-19,3.16192e-19,1.33486e-19,1.33486e-19,5.57285e-20,5.57285e-20,2.30054e-20,2.30054e-20,9.38968e-21,9.38968e-21,3.78875e-21,3.78875e-21,1.5112e-21,1.5112e-21,5.95772e-22,5.95772e-22,2.32127e-22,2.32127e-22,8.93738e-23,8.93738e-23,3.40005e-23,3.40004e-23,1.27791e-23,1.27791e-23,4.74463e-24,4.74463e-24,1.73998e-24,1.73997e-24,6.30184e-25,6.30183e-25,2.25383e-25,2.25375e-25,7.95985e-26,7.93834e-26,2.80263e-26,2.24459e-26
1.80937e-06,1.18662e-06,1.18662e-06,7.72066e-07,7.72066e-07,4.98351e-07,4.98351e-07,3.19103e-07,3.19103e-07,2.02685e-07,2.02685e-07,1.27698e-07,1.27698e-07,7.97985e-08,7.97985e-08,4.94577e-08,4.94577e-08,3.04002e-08,3.04002e-08,1.85311e-08,1.85311e-08,1.12017e-08,1.12017e-08,6.71433e-09,6.71433e-09,3.99055e-09,3.99055e-09,2.35153e-09,2.35153e-09,1.37382e-09,1.37382e-09,7.95703e-10,7.95703e-10,4.56862e-10,4.56862e-10,2.60022e-10,2.60022e-10,1.46689e-10,1.46689e-10,8.20209e-11,8.20209e-11,4.54531e-11,4.54531e-11,2.49626e-11,2.49626e-11,1.35855e-11,1.35855e-11,7.32644e-12,7.32644e-12,3.91486e-12,3.91486e-12,2.07261e-12,2.07261e-12,1.08709e-12,1.08709e-12,5.64856e-13,5.64856e-13,2.90737e-13,2.90737e-13,1.48226e-13,1.48226e-13,7.48483e-14,7.48483e-14,3.74318e-14,3.74318e-14,1.85383e-14,1.85383e-14,9.09161e-15,9.09161e-15,4.41487e-15,4.41487e-15,2.12262e-15,2.12262e-15,1.01034e-15,1.01034e-15,4.76071e-16,4.76071e-16,2.22051e-16,2.22051e-16,1.02511e-16,1.02511e-16,4.6838e-17,4.6838e-17,2.11784e-17,2.11784e-17,9.4759e-18,9.4759e-18,4.19512e-18,4.19512e-18,1.83749e-18,1.83749e-18,7.96206e-19,7.96206e-19,3.41276e-19,3.41276e-19,1.44686e-19,1.44686e-19,6.06661e-20,6.06661e-20,2.5155e-20,2.5155e-20,1.03137e-20,1.03137e-20,4.18101e-21,4.18101e-21,1.67561e-21,1.67561e-21,6.63818e-22,6.63818e-22,2.59933e-22,2.59933e-22,1.00592e-22,1.00592e-22,3.84689e-23,3.84689e-23,1.45361e-23,1.45361e-23,5.42662e-24,5.42662e-24,2.00126e-24,2.00125e-24,7.28997e-25,7.28754e-25,2.62571e-25,2.56399e-25,1.01302e-25
2.65085e-06,2.65085e-06,1.75354e-06,1.75354e-06,1.15093e-06,1.15093e-06,7.49489e-07,7.49489e-07,4.84218e-07,4.84218e-07,3.10352e-07,3.10352e-07,1.97326e-07,1.97326e-07,1.24454e-07,1.24454e-07,7.78591e-08,7.78591e-08,4.83125e-08,4.83125e-08,2.9733e-08,2.9733e-08,1.81478e-08,1.81478e-08,1.09848e-08,1.09848e-08,6.59356e-09,6.59356e-09,3.92451e-09,3.92451e-09,2.31614e-09,2.31614e-09,1.3553e-09,1.3553e-09,7.86265e-10,7.86265e-10,4.52215e-10,4.52215e-10,2.57833e-10,2.57833e-10,1.45721e-10,1.45721e-10,8.16347e-11,8.16347e-11,4.53281e-11,4.53281e-11,2.49445e-11,2.49445e-11,1.36042e-11,1.36042e-11,7.35244e-12,7.35244e-12,3.93755e-12,3.93755e-12,2.08943e-12,2.08943e-12,1.09853e-12,1.09853e-12,5.72197e-13,5.72197e-13,2.9526e-13,2.9526e-13,1.50924e-13,1.50924e-13,7.64144e-14,7.64144e-14,3.83203e-14,3.83203e-14,1.90321e-14,1.90321e-14,9.36094e-15,9.36094e-15,4.55926e-15,4.55926e-15,2.19877e-15,2.19877e-15,1.04989e-15,1.04989e-15,4.96313e-16,4.96313e-16,2.32262e-16,2.32262e-16,1.07592e-16,1.07592e-16,4.93315e-17,4.93315e-17,2.2386e-17,2.2386e-17,1.00532e-17,1.00532e-17,4.46749e-18,4.46749e-18,1.96437e-18,1.96437e-18,8.54566e-19,8.54566e-19,3.67781e-19,3.67781e-19,1.56573e-19,1.56573e-19,6.59306e-20,6.59306e-20,2.74575e-20,2.74575e-20,1.13082e-20,1.13082e-20,4.60518e-21,4.60518e-21,1.85428e-21,1.85428e-21,7.38132e-22,7.38132e-22,2.90455e-22,2.90455e-22,1.12971e-22,1.12971e-22,4.34255e-23,4.34255e-23,1.64957e-23,1.64956e-23,6.19145e-24,6.19118e-24,2.29629e-24,2.28965e-24,8.49855e-25,6.86033e-25
5.7236e-06,3.84782e-06,3.84782e-06,2.56699e-06,2.56699e-06,1.69934e-06,1.69934e-06,1.11624e-06,1.11624e-06,7.27515e-07,7.27515e-07,4.70442e-07,4.70442e-07,3.01809e-07,3.01809e-07,1.92087e-07,1.92087e-07,1.21278e-07,1.21278e-07,7.5956e-08,7.5956e-08,4.71864e-08,4.71864e-08,2.90753e-08,2.90753e-08,1.7769e-08,1.7769e-08,1.07698e-08,1.07698e-08,6.47352e-09,6.47352e-09,3.85864e-09,3.85864e-09,2.28069e-09,2.28069e-09,1.33664e-09,1.33664e-09,7.76704e-10,7.76704e-10,4.4747e-10,4.4747e-10,2.55574e-10,2.55574e-10,1.44706e-10,1.44706e-10,8.12181e-11,8.12181e-11,4.51843e-11,4.51843e-11,2.49153e-11,2.49153e-11,1.36164e-11,1.36164e-11,7.37479e-12,7.37479e-12,3.95824e-12,3.95824e-12,2.1052e-12,2.1052e-12,1.10942e-12,1.10942e-12,5.79267e-13,5.79267e-13,2.99653e-13,2.99653e-13,1.53562e-13,1.53562e-13,7.79557e-14,7.79557e-14,3.91994e-14,3.91994e-14,1.95231e-14,1.95231e-14,9.63e-15,9.63e-15,4.70415e-15,4.70415e-15,2.27552e-15,2.27552e-15,1.08992e-15,1.08992e-15,5.16882e-16,5.16882e-16,2.42681e-16,2.42681e-16,1.12797e-16,1.12797e-16,5.18965e-17,5.18965e-17,2.36334e-17,2.36334e-17,1.06519e-17,1.06519e-17,4.75119e-18,4.75119e-18,2.09709e-18,2.09709e-18,9.1587e-19,9.1587e-19,3.95745e-19,3.95745e-19,1.69169e-19,1.69169e-19,7.15345e-20,7.15345e-20,2.99196e-20,2.99196e-20,1.23766e-20,1.23766e-20,5.06304e-21,5.06304e-21,2.04806e-21,2.04806e-21,8.19132e-22,8.19132e-22,3.23891e-22,3.23891e-22,1.266e-22,1.266e-22,4.89116e-23,4.89113e-23,1.86765e-23,1.86696e-23,7.05638e-24,6.88783e-24,2.85282e-24
8.1657e-06,8.1657e-06,5.5349e-06,5.5349e-06,3.72334e-06,3.72334e-06,2.48566e-06,2.48566e-06,1.64671e-06,1.64671e-06,1.08253e-06,1.08253e-06,7.06128e-07,7.06128e-07,4.57018e-07,4.57018e-07,2.93472e-07,2.93472e-07,1.86966e-07,1.86966e-07,1.18167e-07,1.18167e-07,7.4089e-08,7.4089e-08,4.60795e-08,4.60795e-08,2.84274e-08,2.84274e-08,1.73949e-08,1.73949e-08,1.0557e-08,1.0557e-08,6.35426e-09,6.35426e-09,3.79296e-09,3.79296e-09,2.24521e-09,2.24521e-09,1.31788e-09,1.31788e-09,7.67031e-10,7.67031e-10,4.42633e-10,4.42633e-10,2.53248e-10,2.53248e-10,1.43646e-10,1.43646e-10,8.07722e-11,8.07722e-11,4.50223e-11,4.50223e-11,2.48751e-11,2.48751e-11,1.36222e-11,1.36222e-11,7.39354e-12,7.39354e-12,3.97696e-12,3.97696e-12,2.11991e-12,2.11991e-12,1.11975e-12,1.11975e-12,5.86061e-13,5.86061e-13,3.03913e-13,3.03913e-13,1.56139e-13,1.56139e-13,7.94704e-14,7.94704e-14,4.00681e-14,4.00681e-14,2.00107e-14,2.00107e-14,9.89848e-15,9.89848e-15,4.84936e-15,4.84936e-15,2.35278e-15,2.35278e-15,1.13038e-15,1.13038e-15,5.3776e-16,5.3776e-16,2.533e-16,2.533e-16,1.18123e-16,1.18123e-16,5.4532e-17,5.4532e-17,2.49203e-17,2.49203e-17,1.12721e-17,1.12721e-17,5.04628e-18,5.04628e-18,2.23571e-18,2.23571e-18,9.80175e-19,9.80175e-19,4.25203e-19,4.25203e-19,1.82497e-19,1.82497e-19,7.74901e-20,7.74901e-20,3.25481e-20,3.25481e-20,1.35224e-20,1.35224e-20,5.55638e-21,5.55638e-21,2.25786e-21,2.25786e-21,9.07251e-22,9.07251e-22,3.60446e-22,3.60445e-22,1.41576e-22,1.41569e-22,5.49804e-23,5.48113e-23,2.13243e-23,1.73462e-23
1.67758e-05,1.15489e-05,1.15489e-05,7.89159e-06,7.89159e-06,5.35224e-06,5.35224e-06,3.60274e-06,3.60274e-06,2.40679e-06,2.40679e-06,1.59562e-06,1.59562e-06,1.04975e-06,1.04975e-06,6.85318e-07,6.85318e-07,4.43938e-07,4.43938e-07,2.85337e-07,2.85337e-07,1.8196e-07,1.8196e-07,1.15122e-07,1.15122e-07,7.22579e-08,7.22579e-08,4.49917e-08,4.49917e-08,2.77893e-08,2.77893e-08,1.70256e-08,1.70256e-08,1.03462e-08,1.03462e-08,6.23586e-09,6.23586e-09,3.72754e-09,3.72754e-09,2.20972e-09,2.20972e-09,1.29903e-09,1.29903e-09,7.57257e-10,7.57257e-10,4.37711e-10,4.37711e-10,2.50859e-10,2.50859e-10,1.42542e-10,1.42542e-10,8.0298e-11,8.0298e-11,4.48426e-11,4.48426e-11,2.48243e-11,2.48243e-11,1.36218e-11,1.36218e-11,7.40873e-12,7.40873e-12,3.9937e-12,3.9937e-12,2.13355e-12,2.13355e-12,1.12954e-12,1.12954e-12,5.92575e-13,5.92575e-13,3.08036e-13,3.08036e-13,1.58653e-13,1.58653e-13,8.09571e-14,8.09571e-14,4.09255e-14,4.09255e-14,2.04945e-14,2.04945e-14,1.01661e-14,1.01661e-14,4.99475e-15,4.99475e-15,2.43046e-15,2.43046e-15,1.17124e-15,1.17124e-15,5.58927e-16,5.58927e-16,2.6411e-16,2.6411e-16,1.23567e-16,1.23567e-16,5.72366e-17,5.72366e-17,2.62462e-17,2.62462e-17,1.19137e-17,1.19137e-17,5.35281e-18,5.35281e-18,2.38031e-18,2.38031e-18,1.04753e-18,1.04753e-18,4.56191e-19,4.56191e-19,1.96578e-19,1.96578e-19,8.38095e-20,8.38095e-20,3.53496e-20,3.53496e-20,1.47492e-20,1.47492e-20,6.08701e-21,6.08701e-21,2.48458e-21,2.48458e-21,1.00293e-21,1.00293e-21,4.00341e-22,4.00176e-22,1.58222e-22,1.54394e-22,6.68394e-23
2.33419e-05,2.33419e-05,1.61957e-05,1.61957e-05,1.1155e-05,1.1155e-05,7.62649e-06,7.62649e-06,5.17544e-06,5.17544e-06,3.48591e-06,3.48591e-06,2.33031e-06,2.33031e-06,1.54603e-06,1.54603e-06,1.01791e-06,1.01791e-06,6.65071e-07,6.65071e-07,4.31195e-07,4.31195e-07,2.774e-07,2.774e-07,1.7707e-07,1.7707e-07,1.12142e-07,1.12142e-07,7.04626e-08,7.04626e-08,4.3923e-08,4.3923e-08,2.71611e-08,2.71611e-08,1.66611e-08,1.66611e-08,1.01377e-08,1.01377e-08,6.11837e-09,6.11837e-09,3.6624e-09,3.6624e-09,2.17425e-09,2.17425e-09,1.2801e-09,1.2801e-09,7.47393e-10,7.47393e-10,4.32711e-10,4.32711e-10,2.4841e-10,2.4841e-10,1.41397e-10,1.41397e-10,7.97967e-11,7.97967e-11,4.46458e-11,4.46458e-11,2.4763e-11,2.4763e-11,1.36153e-11,1.36153e-11,7.42041e-12,7.42041e-12,4.00848e-12,4.00848e-12,2.14614e-12,2.14614e-12,1.13876e-12,1.13876e-12,5.98803e-13,5.98803e-13,3.12018e-13,3.12018e-13,1.611e-13,1.611e-13,8.24142e-14,8.24142e-14,4.17707e-14,4.17707e-14,2.09738e-14,2.09738e-14,1.04325e-14,1.04325e-14,5.14015e-15,5.14015e-15,2.50848e-15,2.50848e-15,1.21245e-15,1.21245e-15,5.80364e-16,5.80364e-16,2.75101e-16,2.75101e-16,1.29124e-16,1.29124e-16,6.00087e-17,6.00087e-17,2.76108e-17,2.76108e-17,1.25767e-17,1.25767e-17,5.67083e-18,5.67083e-18,2.53094e-18,2.53094e-18,1.11799e-18,1.11799e-18,4.88742e-19,4.88742e-19,2.11432e-19,2.11432e-19,9.05048e-20,9.05048e-20,3.83307e-20,3.83307e-20,1.60605e-20,1.60605e-20,6.65679e-21,6.65678e-21,2.72916e-21,2.729e-21,1.10685e-21,1.10326e-21,4.48674e-22,3.67696e-22
4.57402e-05,3.2214e-05,3.2214e-05,2.25245e-05,2.25245e-05,1.56354e-05,1.56354e-05,1.07743e-05,1.07743e-05,7.37011e-06,7.37011e-06,5.00432e-06,5.00432e-06,3.37274e-06,3.37274e-06,2.25615e-06,2.25615e-06,1.49789e-06,1.49789e-06,9.86966e-07,9.86966e-07,6.45373e-07,6.45373e-07,4.18782e-07,4.18782e-07,2.69658e-07,2.69658e-07,1.72293e-07,1.72293e-07,1.09226e-07,1.09226e-07,6.87029e-08,6.87029e-08,4.28735e-08,4.28735e-08,2.65429e-08,2.65429e-08,1.63016e-08,1.63016e-08,9.93155e-09,9.93155e-09,6.00185e-09,6.00185e-09,3.5976e-09,3.5976e-09,2.13884e-09,2.13884e-09,1.26113e-09,1.26113e-09,7.37451e-10,7.37451e-10,4.27639e-10,4.27639e-10,2.45907e-10,2.45907e-10,1.40213e-10,1.40213e-10,7.92693e-11,7.92693e-11,4.44325e-11,4.44325e-11,2.46916e-11,2.46916e-11,1.36027e-11,1.36027e-11,7.42862e-12,7.42862e-12,4.02132e-12,4.02132e-12,2.15766e-12,2.15766e-12,1.14743e-12,1.14743e-12,6.04743e-13,6.04743e-13,3.15858e-13,3.15858e-13,1.63479e-13,1.63479e-13,8.38402e-14,8.38402e-14,4.26028e-14,4.26028e-14,2.14481e-14,2.14481e-14,1.06974e-14,1.06974e-14,5.2854e-15,5.2854e-15,2.58676e-15,2.58676e-15,1.25396e-15,1.25396e-15,6.02049e-16,6.02049e-16,2.86265e-16,2.86265e-16,1.34792e-16,1.34792e-16,6.28468e-17,6.28468e-17,2.90133e-17,2.90133e-17,1.32609e-17,1.32609e-17,6.00034e-18,6.00034e-18,2.68765e-18,2.68765e-18,1.19159e-18,1.19159e-18,5.22886e-19,5.22886e-19,2.27078e-19,2.27078e-19,9.75875e-20,9.75875e-20,4.14981e-20,4.14981e-20,1.74598e-20,1.74597e-20,7.26777e-21,7.26446e-21,2.99705e-21,2.92382e-21,1.31951e-21
6.21577e-05,6.21577e-05,4.41055e-05,4.41055e-05,3.10736e-05,3.10736e-05,2.17356e-05,2.17356e-05,1.50943e-05,1.50943e-05,1.04064e-05,1.04064e-05,7.12217e-06,7.12217e-06,4.83871e-06,4.83871e-06,3.26312e-06,3.26312e-06,2.18425e-06,2.18425e-06,1.45118e-06,1.45118e-06,9.56902e-07,9.56902e-07,6.26214e-07,6.26214e-07,4.06693e-07,4.06693e-07,2.62108e-07,2.62108e-07,1.67626e-07,1.67626e-07,1.06374e-07,1.06374e-07,6.69783e-08,6.69783e-08,4.1843e-08,4.1843e-08,2.59346e-08,2.59346e-08,1.59471e-08,1.59471e-08,9.72774e-09,9.72774e-09,5.88634e-09,5.88634e-09,3.53316e-09,3.53316e-09,2.1035e-09,2.1035e-09,1.24211e-09,1.24211e-09,7.27439e-10,7.27439e-10,4.22502e-10,4.22502e-10,2.43351e-10,2.43351e-10,1.38991e-10,1.38991e-10,7.8717e-11,7.8717e-11,4.42032e-11,4.42032e-11,2.46103e-11,2.46103e-11,1.35843e-11,1.35843e-11,7.43342e-12,7.43342e-12,4.03224e-12,4.03224e-12,2.16813e-12,2.16813e-12,1.15553e-12,1.15553e-12,6.10392e-13,6.10392e-13,3.19551e-13,3.19551e-13,1.65787e-13,1.65787e-13,8.52339e-14,8.52338e-14,4.34208e-14,4.34208e-14,2.1917e-14,2.1917e-14,1.09606e-14,1.09606e-14,5.43033e-15,5.43033e-15,2.66521e-15,2.66521e-15,1.29574e-15,1.29574e-15,6.23962e-16,6.23962e-16,2.97591e-16,2.97591e-16,1.40564e-16,1.40564e-16,6.57491e-17,6.57491e-17,3.04533e-17,3.04533e-17,1.39661e-17,1.39661e-17,6.34132e-18,6.34132e-18,2.85046e-18,2.85046e-18,1.26837e-18,1.26837e-18,5.58652e-19,5.58652e-19,2.43536e-19,2.43536e-19,1.05069e-19,1.05069e-19,4.48584e-20,4.48555e-20,1.89549e-20,1.88901e-20,8.01076e-21,6.6125e-21
0.000116447,8.38235e-05,8.38235e-05,5.99181e-05,5.99181e-05,4.25292e-05,4.25292e-05,2.99734e-05,2.99734e-05,2.09741e-05,2.09741e-05,1.45718e-05,1.45718e-05,1.00509e-05,1.00509e-05,6.8824e-06,6.8824e-06,4.67843e-06,4.67843e-06,3.15693e-06,3.15693e-06,2.11455e-06,2.11455e-06,1.40585e-06,1.40585e-06,9.27696e-07,9.27696e-07,6.07579e-07,6.07579e-07,3.94921e-07,3.94921e-07,2.54745e-07,2.54745e-07,1.6307e-07,1.6307e-07,1.03584e-07,1.03584e-07,6.52887e-08,6.52887e-08,4.08316e-08,4.08316e-08,2.53363e-08,2.53363e-08,1.55977e-08,1.55977e-08,9.52634e-09,9.52634e-09,5.77191e-09,5.77191e-09,3.46912e-09,3.46912e-09,2.06826e-09,2.06826e-09,1.22307e-09,1.22307e-09,7.1737e-10,7.1737e-10,4.17305e-10,4.17305e-10,2.40747e-10,2.40747e-10,1.37735e-10,1.37735e-10,7.81409e-11,7.81409e-11,4.39584e-11,4.39584e-11,2.45195e-11,2.45195e-11,1.35601e-11,1.35601e-11,7.43486e-12,7.43486e-12,4.04126e-12,4.04126e-12,2.17755e-12,2.17755e-12,1.16307e-12,1.16307e-12,6.15747e-13,6.15747e-13,3.23096e-13,3.23096e-13,1.68023e-13,1.68023e-13,8.65937e-14,8.65937e-14,4.42241e-14,4.42241e-14,2.23799e-14,2.23799e-14,1.12217e-14,1.12217e-14,5.57479e-15,5.57479e-15,2.74374e-15,2.74374e-15,1.33774e-15,1.33774e-15,6.46081e-16,6.46081e-16,3.0907e-16,3.0907e-16,1.46438e-16,1.46438e-16,6.87137e-17,6.87137e-17,3.19299e-17,3.19299e-17,1.46921e-17,1.46921e-17,6.69375e-18,6.69374e-18,3.01941e-18,3.01941e-18,1.34837e-18,1.34837e-18,5.96066e-19,5.96066e-19,2.60823e-19,2.6082e-19,1.12964e-19,1.12908e-19,4.84954e-20,4.73018e-20,2.22001e-20
0.000154755,0.000154755,0.000112198,0.000112198,8.07825e-05,8.07825e-05,5.77594e-05,5.77594e-05,4.10093e-05,4.10093e-05,2.89121e-05,2.89121e-05,2.02392e-05,2.02392e-05,1.40672e-05,1.40672e-05,9.70736e-06,9.70736e-06,6.65055e-06,6.65055e-06,4.52333e-06,4.52333e-06,3.0541e-06,3.0541e-06,2.04698e-06,2.04698e-06,1.36186e-06,1.36186e-06,8.99327e-07,8.99327e-07,5.89458e-07,5.89458e-07,3.83458e-07,3.83458e-07,2.47567e-07,2.47567e-07,1.58621e-07,1.58621e-07,1.00855e-07,1.00855e-07,6.36338e-08,6.36338e-08,3.98391e-08,3.98391e-08,2.47481e-08,2.47481e-08,1.52534e-08,1.52534e-08,9.32744e-09,9.32744e-09,5.65859e-09,5.65859e-09,3.40552e-09,3.40552e-09,2.03314e-09,2.03314e-09,1.20403e-09,1.20403e-09,7.07251e-10,7.07251e-10,4.12054e-10,4.12054e-10,2.38098e-10,2.38098e-10,1.36445e-10,1.36445e-10,7.7542e-11,7.7542e-11,4.36989e-11,4.36989e-11,2.44194e-11,2.44194e-11,1.35303e-11,1.35303e-11,7.43301e-12,7.43301e-12,4.04839e-12,4.04839e-12,2.18593e-12,2.18593e-12,1.17005e-12,1.17005e-12,6.20805e-13,6.20805e-13,3.2649e-13,3.2649e-13,1.70185e-13,1.70185e-13,8.79185e-14,8.79185e-14,4.50116e-14,4.50116e-14,2.28363e-14,2.28363e-14,1.14804e-14,1.14804e-14,5.71862e-15,5.71862e-15,2.82227e-15,2.82227e-15,1.37992e-15,1.37992e-15,6.68384e-16,6.68384e-16,3.2069e-16,3.2069e-16,1.52407e-16,1.52407e-16,7.17384e-17,7.17384e-17,3.34423e-17,3.34423e-17,1.54386e-17,1.54386e-17,7.05756e-18,7.05756e-18,3.1945e-18,3.1945e-18,1.4316e-18,1.4316e-18,6.35155e-19,6.35107e-19,2.79022e-19,2.78024e-19,1.22671e-19,1.01971e-19
0.000277773,0.000204191,0.000204191,0.000149083,0.000149083,0.000108105,0.000108105,7.78524e-05,7.78524e-05,5.56787e-05,5.56787e-05,3.95438e-05,3.95438e-05,2.78882e-05,2.78882e-05,1.95299e-05,1.95299e-05,1.35799e-05,1.35799e-05,9.3754e-06,9.3754e-06,6.42636e-06,6.42636e-06,4.37323e-06,4.37323e-06,2.9545e-06,2.9545e-06,1.98148e-06,1.98148e-06,1.31918e-06,1.31918e-06,8.71773e-07,8.71773e-07,5.71838e-07,5.71838e-07,3.72299e-07,3.72299e-07,2.4057e-07,2.4057e-07,1.54278e-07,1.54278e-07,9.81878e-08,9.81878e-08,6.20132e-08,6.20132e-08,3.88654e-08,3.88654e-08,2.417e-08,2.417e-08,1.49143e-08,1.49143e-08,9.13106e-09,9.13106e-09,5.54642e-09,5.54642e-09,3.34239e-09,3.34239e-09,1.99817e-09,1.99817e-09,1.185e-09,1.185e-09,6.97094e-10,6.97094e-10,4.06755e-10,4.06755e-10,2.35408e-10,2.35408e-10,1.35124e-10,1.35124e-10,7.69214e-11,7.69214e-11,4.3425e-11,4.3425e-11,2.43103e-11,2.43103e-11,1.3495e-11,1.3495e-11,7.42794e-12,7.42794e-12,4.05368e-12,4.05368e-12,2.19328e-12,2.19328e-12,1.17646e-12,1.17646e-12,6.25566e-13,6.25566e-13,3.29731e-13,3.29731e-13,1.7227e-13,1.7227e-13,8.92072e-14,8.92072e-14,4.57828e-14,4.57828e-14,2.32858e-14,2.32858e-14,1.17365e-14,1.17365e-14,5.86165e-15,5.86165e-15,2.90072e-15,2.90072e-15,1.42223e-15,1.42223e-15,6.90848e-16,6.90848e-16,3.32442e-16,3.32442e-16,1.58467e-16,1.58467e-16,7.48212e-17,7.48212e-17,3.49898e-17,3.49898e-17,1.62054e-17,1.62054e-17,7.43267e-18,7.43267e-18,3.37575e-18,3.37571e-18,1.51815e-18,1.51733e-18,6.77083e-19,6.6034e-19,3.21595e-19
0.000361462,0.000361462,0.00026753,0.00026753,0.000196681,0.000196681,0.00014362,0.00014362,0.000104162,0.000104162,7.5029e-05,7.5029e-05,5.36731e-05,5.36731e-05,3.81306e-05,3.81306e-05,2.69006e-05,2.69006e-05,1.88453e-05,1.88453e-05,1.31093e-05,1.31093e-05,9.05464e-06,9.05464e-06,6.20959e-06,6.20959e-06,4.228e-06,4.228e-06,2.85805e-06,2.85805e-06,1.918e-06,1.918e-06,1.27777e-06,1.27777e-06,8.45014e-07,8.45014e-07,5.54707e-07,5.54707e-07,3.61437e-07,3.61437e-07,2.33751e-07,2.33751e-07,1.50039e-07,1.50039e-07,9.55806e-08,9.55806e-08,6.04266e-08,6.04266e-08,3.79106e-08,3.79106e-08,2.36019e-08,2.36019e-08,1.45804e-08,1.45804e-08,8.93726e-09,8.93726e-09,5.43545e-09,5.43545e-09,3.27975e-09,3.27975e-09,1.96336e-09,1.96336e-09,1.16598e-09,1.16598e-09,6.86905e-10,6.86905e-10,4.01414e-10,4.01414e-10,2.3268e-10,2.3268e-10,1.33774e-10,1.33774e-10,7.62801e-11,7.62801e-11,4.31375e-11,4.31375e-11,2.41925e-11,2.41925e-11,1.34544e-11,1.34544e-11,7.4197e-12,7.4197e-12,4.05714e-12,4.05714e-12,2.19959e-12,2.19959e-12,1.18231e-12,1.18231e-12,6.30028e-13,6.30028e-13,3.32818e-13,3.32818e-13,1.74279e-13,1.74279e-13,9.04586e-14,9.04586e-14,4.65368e-14,4.65368e-14,2.37278e-14,2.37278e-14,1.19897e-14,1.19897e-14,6.00374e-15,6.00374e-15,2.979e-15,2.979e-15,1.46463e-15,1.46463e-15,7.13451e-16,7.13451e-16,3.44313e-16,3.44313e-16,1.64613e-16,1.64613e-16,7.79597e-17,7.79597e-17,3.65712e-17,3.65712e-17,1.6992e-17,1.69919e-17,7.81904e-18,7.81838e-18,3.56405e-18,3.55076e-18,1.62673e-18,1.36147e-18
0.000622879,0.000467194,0.000467194,0.000348115,0.000348115,0.000257668,0.000257668,0.00018945,0.00018945,0.000138359,0.000138359,0.000100364,0.000100364,7.23086e-05,7.23086e-05,5.174e-05,5.174e-05,3.67679e-05,3.67679e-05,2.59478e-05,2.59478e-05,1.81845e-05,1.81845e-05,1.26548e-05,1.26548e-05,8.7447e-06,8.7447e-06,5.99999e-06,5.99999e-06,4.08748e-06,4.08748e-06,2.76465e-06,2.76465e-06,1.85647e-06,1.85647e-06,1.2376e-06,1.2376e-06,8.19029e-07,8.19029e-07,5.38053e-07,5.38053e-07,3.50865e-07,3.50865e-07,2.27105e-07,2.27105e-07,1.45903e-07,1.45903e-07,9.30326e-08,9.30326e-08,5.88735e-08,5.88735e-08,3.69743e-08,3.69743e-08,2.30438e-08,2.30438e-08,1.42517e-08,1.42517e-08,8.74608e-09,8.74608e-09,5.32571e-09,5.32571e-09,3.21764e-09,3.21764e-09,1.92874e-09,1.92874e-09,1.14701e-09,1.14701e-09,6.76696e-10,6.76696e-10,3.96036e-10,3.96036e-10,2.29916e-10,2.29916e-10,1.32396e-10,1.32396e-10,7.56194e-11,7.56194e-11,4.28369e-11,4.28369e-11,2.40663e-11,2.40663e-11,1.34087e-11,1.34087e-11,7.40836e-12,7.40836e-12,4.0588e-12,4.0588e-12,2.20489e-12,2.20489e-12,1.1876e-12,1.1876e-12,6.34191e-13,6.34191e-13,3.35748e-13,3.35748e-13,1.76209e-13,1.76209e-13,9.16716e-14,9.16716e-14,4.72729e-14,4.72729e-14,2.4162e-14,2.4162e-14,1.22397e-14,1.22397e-14,6.14473e-15,6.14473e-15,3.05703e-15,3.05703e-15,1.50707e-15,1.50707e-15,7.3617e-16,7.3617e-16,3.56292e-16,3.56292e-16,1.70839e-16,1.70839e-16,8.11514e-17,8.11514e-17,3.81857e-17,3.81852e-17,1.77988e-17,1.77884e-17,8.23116e-18,8.02715e-18,4.04857e-18
0.000794575,0.000794575,0.000599874,0.000599874,0.000449936,0.000449936,0.000335265,0.000335265,0.000248173,0.000248173,0.000182487,0.000182487,0.000133291,0.000133291,9.67049e-05,9.67049e-05,6.96872e-05,6.96872e-05,4.98767e-05,4.98767e-05,3.5454e-05,3.5454e-05,2.50287e-05,2.50287e-05,1.75468e-05,1.75468e-05,1.2216e-05,1.2216e-05,8.44524e-06,8.44524e-06,5.79735e-06,5.79735e-06,3.95151e-06,3.95151e-06,2.67421e-06,2.67421e-06,1.79684e-06,1.79684e-06,1.19864e-06,1.19864e-06,7.93797e-07,7.93797e-07,5.21865e-07,5.21865e-07,3.40578e-07,3.40578e-07,2.2063e-07,2.2063e-07,1.41868e-07,1.41868e-07,9.05431e-08,9.05431e-08,5.73537e-08,5.73537e-08,3.60565e-08,3.60565e-08,2.24958e-08,2.24958e-08,1.39283e-08,1.39283e-08,8.55754e-09,8.55754e-09,5.21723e-09,5.21723e-09,3.15608e-09,3.15608e-09,1.89433e-09,1.89433e-09,1.12808e-09,1.12808e-09,6.66473e-10,6.66473e-10,3.90627e-10,3.90627e-10,2.27121e-10,2.27121e-10,1.30993e-10,1.30993e-10,7.49401e-11,7.49401e-11,4.25238e-11,4.25238e-11,2.3932e-11,2.3932e-11,1.33578e-11,1.33578e-11,7.394e-12,7.394e-12,4.05869e-12,4.05869e-12,2.20919e-12,2.20919e-12,1.19233e-12,1.19233e-12,6.38054e-13,6.38054e-13,3.38522e-13,3.38522e-13,1.78059e-13,1.78059e-13,9.28454e-14,9.28454e-14,4.79905e-14,4.79905e-14,2.45879e-14,2.45879e-14,1.24863e-14,1.24863e-14,6.28448e-15,6.28448e-15,3.13471e-15,3.13471e-15,1.54951e-15,1.54951e-15,7.58981e-16,7.58981e-16,3.68367e-16,3.68367e-16,1.7714e-16,1.7714e-16,8.43944e-17,8.43864e-17,3.98434e-17,3.96892e-17,1.88449e-17,1.58766e-17
0.00131707,0.00100717,0.00100717,0.00076527,0.00076527,0.000577727,0.000577727,0.000433321,0.000433321,0.000322894,0.000322894,0.00023903,0.00023903,0.000175782,0.000175782,0.000128411,0.000128411,9.31802e-05,9.31802e-05,6.71613e-05,6.71613e-05,4.80807e-05,4.80807e-05,3.41871e-05,3.41871e-05,2.41421e-05,2.41421e-05,1.69314e-05,1.69314e-05,1.17923e-05,1.17923e-05,8.1559e-06,8.1559e-06,5.60142e-06,5.60142e-06,3.81997e-06,3.81997e-06,2.58665e-06,2.58665e-06,1.73906e-06,1.73906e-06,1.16084e-06,1.16084e-06,7.693e-07,7.693e-07,5.06132e-07,5.06132e-07,3.30567e-07,3.30567e-07,2.14321e-07,2.14321e-07,1.37931e-07,1.37931e-07,8.8111e-08,8.8111e-08,5.58668e-08,5.58668e-08,3.51571e-08,3.51571e-08,2.19578e-08,2.19578e-08,1.36101e-08,1.36101e-08,8.37169e-09,8.37169e-09,5.11004e-09,5.11004e-09,3.0951e-09,3.0951e-09,1.86014e-09,1.86014e-09,1.10921e-09,1.10921e-09,6.56245e-10,6.56245e-10,3.85191e-10,3.85191e-10,2.24298e-10,2.24298e-10,1.29567e-10,1.29567e-10,7.42433e-11,7.42433e-11,4.21986e-11,4.21986e-11,2.379e-11,2.379e-11,1.33022e-11,1.33022e-11,7.37668e-12,7.37668e-12,4.05685e-12,4.05685e-12,2.21249e-12,2.21249e-12,1.19652e-12,1.19652e-12,6.41617e-13,6.41617e-13,3.41138e-13,3.41138e-13,1.79827e-13,1.79827e-13,9.39791e-14,9.39791e-14,4.8689e-14,4.8689e-14,2.50052e-14,2.50052e-14,1.27293e-14,1.27293e-14,6.42283e-15,6.42283e-15,3.21198e-15,3.21198e-15,1.5919e-15,1.5919e-15,7.81861e-16,7.8186e-16,3.80528e-16,3.80522e-16,1.83519e-16,1.83404e-16,8.78497e-17,8.56721e-17,4.46667e-17
0.00164881,0.00164881,0.00126874,0.00126874,0.000970112,0.000970112,0.000737056,0.000737056,0.000556405,0.000556405,0.000417326,0.000417326,0.000310983,0.000310983,0.000230228,0.000230228,0.000169325,0.000169325,0.000123711,0.000123711,8.97848e-05,8.97848e-05,6.47274e-05,6.47274e-05,4.63495e-05,4.63495e-05,3.29654e-05,3.29654e-05,2.32868e-05,2.32868e-05,1.63374e-05,1.63374e-05,1.13831e-05,1.13831e-05,7.87635e-06,7.87635e-06,5.41201e-06,5.41201e-06,3.6927e-06,3.6927e-06,2.50187e-06,2.50187e-06,1.68307e-06,1.68307e-06,1.12419e-06,1.12419e-06,7.45518e-07,7.45518e-07,4.90842e-07,4.90842e-07,3.20828e-07,3.20828e-07,2.08176e-07,2.08176e-07,1.34091e-07,1.34091e-07,8.57356e-08,8.57356e-08,5.44123e-08,5.44123e-08,3.42758e-08,3.42758e-08,2.14297e-08,2.14297e-08,1.32972e-08,1.32972e-08,8.18855e-09,8.18855e-09,5.00417e-09,5.00417e-09,3.03472e-09,3.03472e-09,1.82619e-09,1.82619e-09,1.09042e-09,1.09042e-09,6.4602e-10,6.4602e-10,3.79734e-10,3.79734e-10,2.21449e-10,2.21449e-10,1.28118e-10,1.28118e-10,7.35301e-11,7.35301e-11,4.18621e-11,4.18621e-11,2.36404e-11,2.36404e-11,1.32417e-11,1.32417e-11,7.35649e-12,7.35649e-12,4.0533e-12,4.0533e-12,2.21482e-12,2.21482e-12,1.20015e-12,1.20015e-12,6.44882e-13,6.44882e-13,3.43594e-13,3.43594e-13,1.81514e-13,1.81514e-13,9.50717e-14,9.50717e-14,4.93677e-14,4.93677e-14,2.54133e-14,2.54133e-14,1.29683e-14,1.29683e-14,6.55964e-15,6.55964e-15,3.28874e-15,3.28874e-15,1.6342e-15,1.6342e-15,8.04792e-16,8.04708e-16,3.92883e-16,3.91311e-16,1.92233e-16,1.62998e-16
0.00263374,0.00205181,0.00205181,0.00158855,0.00158855,0.0012222,0.0012222,0.000934425,0.000934425,0.000709891,0.000709891,0.000535877,0.000535877,0.000401927,0.000401927,0.000299516,0.000299516,0.000221752,0.000221752,0.000163107,0.000163107,0.000119184,0.000119184,8.65139e-05,8.65139e-05,6.2382e-05,6.2382e-05,4.46809e-05,4.46809e-05,3.17875e-05,3.17875e-05,2.24618e-05,2.24618e-05,1.57642e-05,1.57642e-05,1.0988e-05,1.0988e-05,7.60626e-06,7.60626e-06,5.22889e-06,5.22889e-06,3.56958e-06,3.56958e-06,2.41979e-06,2.41979e-06,1.62882e-06,1.62882e-06,1.08864e-06,1.08864e-06,7.22433e-07,7.22433e-07,4.75985e-07,4.75985e-07,3.11354e-07,3.11354e-07,2.02191e-07,2.02191e-07,1.30347e-07,1.30347e-07,8.3416e-08,8.3416e-08,5.29898e-08,5.29898e-08,3.34126e-08,3.34126e-08,2.09115e-08,2.09115e-08,1.29897e-08,1.29897e-08,8.00813e-09,8.00813e-09,4.89965e-09,4.89965e-09,2.97495e-09,2.97495e-09,1.7925e-09,1.7925e-09,1.07172e-09,1.07172e-09,6.35805e-10,6.35805e-10,3.74259e-10,3.74259e-10,2.18577e-10,2.18577e-10,1.26649e-10,1.26649e-10,7.28015e-11,7.28015e-11,4.15147e-11,4.15147e-11,2.34836e-11,2.34836e-11,1.31767e-11,1.31767e-11,7.33349e-12,7.33349e-12,4.04809e-12,4.04809e-12,2.21618e-12,2.21618e-12,1.20324e-12,1.20324e-12,6.47848e-13,6.47848e-13,3.45892e-13,3.45892e-13,1.83119e-13,1.83119e-13,9.61227e-14,9.61227e-14,5.00262e-14,5.00262e-14,2.5812e-14,2.5812e-14,1.32031e-14,1.32031e-14,6.69477e-15,6.69477e-15,3.36493e-15,3.36486e-15,1.67645e-15,1.67533e-15,8.29366e-16,8.08848e-16,4.35194e-16
0.00323901,0.00323901,0.00253842,0.00253842,0.00197716,0.00197716,0.0015305,0.0015305,0.00117737,0.00117737,0.000900063,0.000900063,0.000683736,0.000683736,0.000516113,0.000516113,0.000387101,0.000387101,0.000288476,0.000288476,0.000213592,0.000213592,0.00015712,0.00015712,0.000114824,0.000114824,8.33629e-05,8.33629e-05,6.01221e-05,6.01221e-05,4.30725e-05,4.30725e-05,3.06517e-05,3.06517e-05,2.1666e-05,2.1666e-05,1.5211e-05,1.5211e-05,1.06066e-05,1.06066e-05,7.34533e-06,7.34533e-06,5.05187e-06,5.05187e-06,3.45048e-06,3.45048e-06,2.34032e-06,2.34032e-06,1.57625e-06,1.57625e-06,1.05417e-06,1.05417e-06,7.00026e-07,7.00026e-07,4.61549e-07,4.61549e-07,3.02138e-07,3.02138e-07,1.96363e-07,1.96363e-07,1.26696e-07,1.26696e-07,8.11511e-08,8.11511e-08,5.15988e-08,5.15988e-08,3.25672e-08,3.25672e-08,2.04031e-08,2.04031e-08,1.26874e-08,1.26874e-08,7.83046e-09,7.83046e-09,4.79649e-09,4.79649e-09,2.91583e-09,2.91583e-09,1.75908e-09,1.75908e-09,1.0531e-09,1.0531e-09,6.25608e-10,6.25608e-10,3.68773e-10,3.68773e-10,2.15686e-10,2.15686e-10,1.25161e-10,1.25161e-10,7.20583e-11,7.20583e-11,4.1157e-11,4.1157e-11,2.33199e-11,2.33199e-11,1.31073e-11,1.31073e-11,7.30776e-12,7.30776e-12,4.04125e-12,4.04125e-12,2.2166e-12,2.2166e-12,1.2058e-12,1.2058e-12,6.50518e-13,6.50518e-13,3.4803e-13,3.4803e-13,1.84639e-13,1.84639e-13,9.71312e-14,9.71312e-14,5.06638e-14,5.06638e-14,2.62009e-14,2.62009e-14,1.34336e-14,1.34335e-14,6.82815e-15,6.82737e-15,3.44159e-15,3.42741e-15,1.73927e-15,1.48401e-15
0.00499455,0.00396106,0.00396106,0.00312251,0.00312251,0.00244656,0.00244656,0.00190524,0.00190524,0.00147458,0.00147458,0.00113421,0.00113421,0.000866974,0.000866974,0.000658553,0.000658553,0.000497085,0.000497085,0.000372827,0.000372827,0.000277846,0.000277846,0.000205734,0.000205734,0.000151354,0.000151354,0.000110625,0.000110625,8.03273e-05,8.03273e-05,5.79444e-05,5.79444e-05,4.15222e-05,4.15222e-05,2.95564e-05,2.95564e-05,2.08983e-05,2.08983e-05,1.46771e-05,1.46771e-05,1.02382e-05,1.02382e-05,7.09324e-06,7.09324e-06,4.88074e-06,4.88074e-06,3.33526e-06,3.33526e-06,2.2634e-06,2.2634e-06,1.52533e-06,1.52533e-06,1.02074e-06,1.02074e-06,6.78278e-07,6.78278e-07,4.47525e-07,4.47525e-07,2.93176e-07,2.93176e-07,1.90688e-07,1.90688e-07,1.23136e-07,1.23136e-07,7.89402e-08,7.89402e-08,5.02391e-08,5.02391e-08,3.17395e-08,3.17395e-08,1.99046e-08,1.99046e-08,1.23904e-08,1.23904e-08,7.65556e-09,7.65556e-09,4.69472e-09,4.69472e-09,2.85736e-09,2.85736e-09,1.72594e-09,1.72594e-09,1.0346e-09,1.0346e-09,6.15435e-10,6.15435e-10,3.63279e-10,3.63279e-10,2.12777e-10,2.12777e-10,1.23657e-10,1.23657e-10,7.13017e-11,7.13017e-11,4.07895e-11,4.07895e-11,2.31496e-11,2.31496e-11,1.30337e-11,1.30337e-11,7.27939e-12,7.27939e-12,4.03281e-12,4.03281e-12,2.21608e-12,2.21608e-12,1.20782e-12,1.20782e-12,6.52893e-13,6.52893e-13,3.50008e-13,3.50008e-13,1.86076e-13,1.86076e-13,9.80968e-14,9.80968e-14,5.12801e-14,5.12801e-14,2.65797e-14,2.65792e-14,1.36602e-14,1.36506e-14,6.97377e-15,6.80194e-15,3.7709e-15
0.00603997,0.00603997,0.00481748,0.00481748,0.00381955,0.00381955,0.0030102,0.0030102,0.00235804,0.00235804,0.00183595,0.00183595,0.00142072,0.00142072,0.00109264,0.00109264,0.000835112,0.000835112,0.000634306,0.000634306,0.000478764,0.000478764,0.000359084,0.000359084,0.000267612,0.000267612,0.000198167,0.000198167,0.000145801,0.000145801,0.00010658,0.00010658,7.74029e-05,7.74029e-05,5.58459e-05,5.58459e-05,4.00278e-05,4.00278e-05,2.85004e-05,2.85004e-05,2.01578e-05,2.01578e-05,1.41619e-05,1.41619e-05,9.88257e-06,9.88257e-06,6.8497e-06,6.8497e-06,4.71532e-06,4.71532e-06,3.22382e-06,3.22382e-06,2.18894e-06,2.18894e-06,1.47599e-06,1.47599e-06,9.88336e-07,9.88336e-07,6.57172e-07,6.57172e-07,4.33901e-07,4.33901e-07,2.8446e-07,2.8446e-07,1.85163e-07,1.85163e-07,1.19667e-07,1.19667e-07,7.67822e-08,7.67822e-08,4.891e-08,4.891e-08,3.09292e-08,3.09292e-08,1.94158e-08,1.94158e-08,1.20987e-08,1.20987e-08,7.48342e-09,7.48342e-09,4.59435e-09,4.59435e-09,2.79957e-09,2.79957e-09,1.6931e-09,1.6931e-09,1.0162e-09,1.0162e-09,6.05292e-10,6.05292e-10,3.57781e-10,3.57781e-10,2.09855e-10,2.09855e-10,1.22137e-10,1.22137e-10,7.05325e-11,7.05325e-11,4.04128e-11,4.04128e-11,2.2973e-11,2.2973e-11,1.29559e-11,1.29559e-11,7.24845e-12,7.24845e-12,4.02282e-12,4.02282e-12,2.21464e-12,2.21464e-12,1.20932e-12,1.20932e-12,6.54975e-13,6.54975e-13,3.51827e-13,3.51827e-13,1.87428e-13,1.87428e-13,9.90189e-14,9.90185e-14,5.18753e-14,5.18688e-14,2.69576e-14,2.68436e-14,1.4051e-14,1.20618e-14
0.00900579,0.0072657,0.0072657,0.00582761,0.00582761,0.00464668,0.00464668,0.00368311,0.00368311,0.00290195,0.00290195,0.00227274,0.00227274,0.0017692,0.0017692,0.00136884,0.00136884,0.0010526,0.0010526,0.00080443,0.00080443,0.000610959,0.000610959,0.000461125,0.000461125,0.000345852,0.000345852,0.000257757,0.000257757,0.000190882,0.000190882,0.000140454,0.000140454,0.000102684,0.000102684,7.45855e-05,7.45855e-05,5.38238e-05,5.38238e-05,3.85873e-05,3.85873e-05,2.74821e-05,2.74821e-05,1.94435e-05,1.94435e-05,1.36647e-05,1.36647e-05,9.53919e-06,9.53919e-06,6.61444e-06,6.61444e-06,4.55541e-06,4.55541e-06,3.11602e-06,3.11602e-06,2.11686e-06,2.11686e-06,1.4282e-06,1.4282e-06,9.56916e-07,9.56916e-07,6.36692e-07,6.36692e-07,4.20667e-07,4.20667e-07,2.75985e-07,2.75985e-07,1.79785e-07,1.79785e-07,1.16285e-07,1.16285e-07,7.46762e-08,7.46762e-08,4.76112e-08,4.76112e-08,3.01362e-08,3.01362e-08,1.89366e-08,1.89366e-08,1.18122e-08,1.18122e-08,7.31408e-09,7.31408e-09,4.49541e-09,4.49541e-09,2.74247e-09,2.74247e-09,1.66058e-09,1.66058e-09,9.97935e-10,9.97935e-10,5.95187e-10,5.95187e-10,3.52284e-10,3.52284e-10,2.0692e-10,2.0692e-10,1.20604e-10,1.20604e-10,6.97516e-11,6.97516e-11,4.00274e-11,4.00274e-11,2.27904e-11,2.27904e-11,1.28742e-11,1.28742e-11,7.21502e-12,7.21502e-12,4.01131e-12,4.01131e-12,2.21231e-12,2.21231e-12,1.2103e-12,1.2103e-12,6.56767e-13,6.56767e-13,3.53488e-13,3.53487e-13,1.88696e-13,1.88692e-13,9.99034e-14,9.98288e-14,5.25593e-14,5.12718e-14,2.92457e-14
0.0107191,0.0107191,0.00869507,0.00869507,0.00701252,0.00701252,0.00562269,0.00562269,0.00448192,0.00448192,0.00355154,0.00355154,0.00279759,0.00279759,0.00219053,0.00219053,0.00170488,0.00170488,0.00131887,0.00131887,0.00101404,0.00101404,0.000774884,0.000774884,0.000588479,0.000588479,0.000444141,0.000444141,0.000333112,0.000333112,0.000248269,0.000248269,0.000183866,0.000183866,0.000135304,0.000135304,9.89314e-05,9.89314e-05,7.18714e-05,7.18714e-05,5.18752e-05,5.18752e-05,3.71989e-05,3.71989e-05,2.65002e-05,2.65002e-05,1.87544e-05,1.87544e-05,1.31848e-05,1.31848e-05,9.20765e-06,9.20765e-06,6.38716e-06,6.38716e-06,4.40085e-06,4.40085e-06,3.01175e-06,3.01175e-06,2.0471e-06,2.0471e-06,1.38191e-06,1.38191e-06,9.26455e-07,9.26455e-07,6.16819e-07,6.16819e-07,4.07814e-07,4.07814e-07,2.67746e-07,2.67746e-07,1.7455e-07,1.7455e-07,1.1299e-07,1.1299e-07,7.26214e-08,7.26214e-08,4.63422e-08,4.63422e-08,2.93602e-08,2.93602e-08,1.84669e-08,1.84669e-08,1.1531e-08,1.1531e-08,7.14751e-09,7.14751e-09,4.39789e-09,4.39789e-09,2.68607e-09,2.68607e-09,1.62837e-09,1.62837e-09,9.79799e-10,9.79799e-10,5.85124e-10,5.85124e-10,3.46792e-10,3.46792e-10,2.03976e-10,2.03976e-10,1.19059e-10,1.19059e-10,6.89601e-11,6.89601e-11,3.96339e-11,3.96339e-11,2.26021e-11,2.26021e-11,1.27886e-11,1.27886e-11,7.17918e-12,7.17918e-12,3.99833e-12,3.99833e-12,2.2091e-12,2.2091e-12,1.21078e-12,1.21078e-12,6.58271e-13,6.58269e-13,3.54994e-13,3.54946e-13,1.89951e-13,1.89129e-13,1.01975e-13,8.80581e-14
0.015479,0.0126952,0.0126952,0.0103531,0.0103531,0.00839498,0.00839498,0.00676811,0.00676811,0.00542495,0.00542495,0.004323,0.004323,0.00342468,0.00342468,0.002697,0.002697,0.00211131,0.00211131,0.00164292,0.00164292,0.00127073,0.00127073,0.000976902,0.000976902,0.000746432,0.000746432,0.000566833,0.000566833,0.000427788,0.000427788,0.000320845,0.000320845,0.000239133,0.000239133,0.00017711,0.00017711,0.000130345,0.000130345,9.5317e-05,9.5317e-05,6.92565e-05,6.92565e-05,4.99975e-05,4.99975e-05,3.58605e-05,3.58605e-05,2.55535e-05,2.55535e-05,1.80897e-05,1.80897e-05,1.27218e-05,1.27218e-05,8.88755e-06,8.88755e-06,6.16761e-06,6.16761e-06,4.25146e-06,4.25146e-06,2.91091e-06,2.91091e-06,1.97958e-06,1.97958e-06,1.33707e-06,1.33707e-06,8.96927e-07,8.96927e-07,5.97538e-07,5.97538e-07,3.95332e-07,3.95332e-07,2.59736e-07,2.59736e-07,1.69456e-07,1.69456e-07,1.09779e-07,1.09779e-07,7.06168e-08,7.06168e-08,4.51025e-08,4.51025e-08,2.86011e-08,2.86011e-08,1.80068e-08,1.80068e-08,1.12549e-08,1.12549e-08,6.98374e-09,6.98374e-09,4.30182e-09,4.30182e-09,2.63038e-09,2.63038e-09,1.5965e-09,1.5965e-09,9.61803e-10,9.61803e-10,5.7511e-10,5.7511e-10,3.41307e-10,3.41307e-10,2.01026e-10,2.01026e-10,1.17503e-10,1.17503e-10,6.81587e-11,6.81587e-11,3.92327e-11,3.92327e-11,2.24083e-11,2.24083e-11,1.26995e-11,1.26995e-11,7.14101e-12,7.14101e-12,3.9839e-12,3.9839e-12,2.20503e-12,2.20502e-12,1.21075e-12,1.21072e-12,6.59538e-13,6.59019e-13,3.57122e-13,3.48442e-13,2.04222e-13
0.0181492,0.0181492,0.0149625,0.0149625,0.0122664,0.0122664,0.00999941,0.00999941,0.00810515,0.00810515,0.00653216,0.00653216,0.00523413,0.00523413,0.00416971,0.00416971,0.00330235,0.00330235,0.00260004,0.00260004,0.00203497,0.00203497,0.00158321,0.00158321,0.00122436,0.00122436,0.000941135,0.000941135,0.000719033,0.000719033,0.00054599,0.00054599,0.000412043,0.000412043,0.000309035,0.000309035,0.000230336,0.000230336,0.000170605,0.000170605,0.000125568,0.000125568,9.18355e-05,9.18355e-05,6.67374e-05,6.67374e-05,4.8188e-05,4.8188e-05,3.45704e-05,3.45704e-05,2.46405e-05,2.46405e-05,1.74486e-05,1.74486e-05,1.22749e-05,1.22749e-05,8.5785e-06,8.5785e-06,5.95553e-06,5.95553e-06,4.10706e-06,4.10706e-06,2.81337e-06,2.81337e-06,1.91423e-06,1.91423e-06,1.29364e-06,1.29364e-06,8.68305e-07,8.68305e-07,5.78832e-07,5.78832e-07,3.83211e-07,3.83211e-07,2.51949e-07,2.51949e-07,1.64499e-07,1.64499e-07,1.06652e-07,1.06652e-07,6.86615e-08,6.86615e-08,4.38917e-08,4.38917e-08,2.78586e-08,2.78586e-08,1.7556e-08,1.7556e-08,1.09841e-08,1.09841e-08,6.82276e-09,6.82276e-09,4.20721e-09,4.20721e-09,2.57542e-09,2.57542e-09,1.56497e-09,1.56497e-09,9.43956e-10,9.43956e-10,5.6515e-10,5.6515e-10,3.35835e-10,3.35835e-10,1.9807e-10,1.9807e-10,1.15938e-10,1.15938e-10,6.73484e-11,6.73484e-11,3.88243e-11,3.88243e-11,2.22094e-11,2.22094e-11,1.26069e-11,1.26069e-11,7.1006e-12,7.1006e-12,3.96809e-12,3.96807e-12,2.20014e-12,2.19982e-12,1.21072e-12,1.20537e-12,6.68624e-13,5.80702e-13
0.0254216,0.021181,0.021181,0.0175511,0.0175511,0.0144629,0.0144629,0.0118518,0.0118518,0.00965767,0.00965767,0.00782524,0.00782524,0.0063044,0.0063044,0.00505001,0.00505001,0.00402185,0.00402185,0.0031844,0.0031844,0.00250657,0.00250657,0.00196139,0.00196139,0.00152569,0.00152569,0.0011797,0.0011797,0.000906687,0.000906687,0.000692648,0.000692648,0.000525919,0.000525919,0.000396882,0.000396882,0.000297662,0.000297662,0.000221865,0.000221865,0.00016434,0.00016434,0.000120968,0.000120968,8.84821e-05,8.84821e-05,6.43104e-05,6.43104e-05,4.64443e-05,4.64443e-05,3.33269e-05,3.33269e-05,2.37603e-05,2.37603e-05,1.68301e-05,1.68301e-05,1.18437e-05,1.18437e-05,8.28012e-06,8.28012e-06,5.75067e-06,5.75067e-06,3.9675e-06,3.9675e-06,2.71905e-06,2.71905e-06,1.85099e-06,1.85099e-06,1.25158e-06,1.25158e-06,8.40562e-07,8.40562e-07,5.60685e-07,5.60685e-07,3.71442e-07,3.71442e-07,2.44382e-07,2.44382e-07,1.59675e-07,1.59675e-07,1.03605e-07,1.03605e-07,6.67545e-08,6.67545e-08,4.27093e-08,4.27093e-08,2.71325e-08,2.71325e-08,1.71145e-08,1.71145e-08,1.07184e-08,1.07184e-08,6.66456e-09,6.66456e-09,4.11405e-09,4.11405e-09,2.5212e-09,2.5212e-09,1.5338e-09,1.5338e-09,9.26263e-10,9.26263e-10,5.55249e-10,5.55249e-10,3.30378e-10,3.30378e-10,1.95113e-10,1.95113e-10,1.14365e-10,1.14365e-10,6.653e-11,6.653e-11,3.84093e-11,3.84093e-11,2.20056e-11,2.20056e-11,1.25109e-11,1.25109e-11,7.05804e-12,7.05785e-12,3.95122e-12,3.94797e-12,2.19939e-12,2.14644e-12,1.29104e-12
0.0293874,0.0293874,0.0246065,0.0246065,0.0204918,0.0204918,0.0169722,0.0169722,0.0139798,0.0139798,0.0114511,0.0114511,0.00932748,0.00932748,0.00755492,0.00755492,0.00608453,0.00608453,0.00487234,0.00487234,0.00387922,0.00387922,0.00307066,0.00307066,0.00241646,0.00241646,0.00189049,0.00189049,0.00147027,0.00147027,0.00113667,0.00113667,0.000873509,0.000873509,0.000667238,0.000667238,0.000506592,0.000506592,0.000382283,0.000382283,0.000286712,0.000286712,0.000213709,0.000213709,0.000158308,0.000158308,0.000116538,0.000116538,8.52519e-05,8.52519e-05,6.19722e-05,6.19722e-05,4.4764e-05,4.4764e-05,3.21282e-05,3.21282e-05,2.29115e-05,2.29115e-05,1.62336e-05,1.62336e-05,1.14276e-05,1.14276e-05,7.99206e-06,7.99206e-06,5.55278e-06,5.55278e-06,3.83261e-06,3.83261e-06,2.62783e-06,2.62783e-06,1.78978e-06,1.78978e-06,1.21085e-06,1.21085e-06,8.13674e-07,8.13674e-07,5.43082e-07,5.43082e-07,3.60015e-07,3.60015e-07,2.37027e-07,2.37027e-07,1.54983e-07,1.54983e-07,1.00637e-07,1.00637e-07,6.48949e-08,6.48949e-08,4.15548e-08,4.15548e-08,2.64225e-08,2.64225e-08,1.66822e-08,1.66822e-08,1.04578e-08,1.04578e-08,6.50913e-09,6.50913e-09,4.02236e-09,4.02236e-09,2.46772e-09,2.46772e-09,1.50298e-09,1.50298e-09,9.08733e-10,9.08733e-10,5.45412e-10,5.45412e-10,3.2494e-10,3.2494e-10,1.92155e-10,1.92155e-10,1.12786e-10,1.12786e-10,6.57042e-11,6.57042e-11,3.79882e-11,3.79881e-11,2.17972e-11,2.17971e-11,1.2412e-11,1.241e-11,7.01639e-12,6.98488e-12,3.98133e-12,3.47719e-12
0.0399865,0.0338232,0.0338232,0.0284584,0.0284584,0.0238166,0.0238166,0.0198245,0.0198245,0.016412,0.016412,0.0135124,0.0135124,0.0110638,0.0110638,0.00900845,0.00900845,0.00729386,0.00729386,0.00587228,0.00587228,0.0047009,0.0047009,0.00374165,0.00374165,0.00296098,0.00296098,0.00232961,0.00232961,0.00182216,0.00182216,0.00141688,0.00141688,0.00109522,0.00109522,0.000841553,0.000841553,0.000642767,0.000642767,0.000487982,0.000487982,0.000368226,0.000368226,0.000276168,0.000276168,0.000205855,0.000205855,0.000152498,0.000152498,0.000112271,0.000112271,8.21405e-05,8.21405e-05,5.97194e-05,5.97194e-05,4.31448e-05,4.31448e-05,3.09728e-05,3.09728e-05,2.20931e-05,2.20931e-05,1.56582e-05,1.56582e-05,1.1026e-05,1.1026e-05,7.71395e-06,7.71395e-06,5.36163e-06,5.36163e-06,3.70225e-06,3.70225e-06,2.53961e-06,2.53961e-06,1.73056e-06,1.73056e-06,1.1714e-06,1.1714e-06,7.87615e-07,7.87615e-07,5.26009e-07,5.26009e-07,3.48921e-07,3.48921e-07,2.2988e-07,2.2988e-07,1.50418e-07,1.50418e-07,9.77475e-08,9.77475e-08,6.30819e-08,6.30819e-08,4.04278e-08,4.04278e-08,2.57285e-08,2.57285e-08,1.6259e-08,1.6259e-08,1.02023e-08,1.02023e-08,6.35648e-09,6.35648e-09,3.93213e-09,3.93213e-09,2.415e-09,2.415e-09,1.47254e-09,1.47254e-09,8.9137e-10,8.9137e-10,5.35644e-10,5.35644e-10,3.19524e-10,3.19524e-10,1.892e-10,1.892e-10,1.11202e-10,1.11202e-10,6.4872e-11,6.4872e-11,3.75614e-11,3.75603e-11,2.15863e-11,2.15678e-11,1.23385e-11,1.20448e-11,7.42618e-12
0.0456101,0.0456101,0.0387619,0.0387619,0.0327697,0.0327697,0.0275577,0.0275577,0.0230513,0.0230513,0.0191784,0.0191784,0.0158698,0.0158698,0.0130604,0.0130604,0.0106893,0.0106893,0.00870021,0.00870021,0.00704175,0.00704175,0.0056674,0.0056674,0.00453548,0.00453548,0.00360895,0.00360895,0.00285523,0.00285523,0.00224588,0.00224588,0.00175631,0.00175631,0.00136543,0.00136543,0.0010553,0.0010553,0.000810775,0.000810775,0.000619201,0.000619201,0.00047006,0.00047006,0.000354691,0.000354691,0.000266014,0.000266014,0.000198292,0.000198292,0.000146904,0.000146904,0.000108162,0.000108162,7.91433e-05,7.91433e-05,5.7549e-05,5.7549e-05,4.15843e-05,4.15843e-05,2.9859e-05,2.9859e-05,2.13039e-05,2.13039e-05,1.51031e-05,1.51031e-05,1.06385e-05,1.06385e-05,7.44545e-06,7.44545e-06,5.177e-06,5.177e-06,3.57626e-06,3.57626e-06,2.4543e-06,2.4543e-06,1.67325e-06,1.67325e-06,1.13321e-06,1.13321e-06,7.62363e-07,7.62363e-07,5.09449e-07,5.09449e-07,3.38152e-07,3.38152e-07,2.22936e-07,2.22936e-07,1.45978e-07,1.45978e-07,9.49337e-08,9.49337e-08,6.13144e-08,6.13144e-08,3.93277e-08,3.93277e-08,2.50502e-08,2.50502e-08,1.58448e-08,1.58448e-08,9.95188e-09,9.95188e-09,6.20659e-09,6.20659e-09,3.84338e-09,3.84338e-09,2.36303e-09,2.36303e-09,1.44246e-09,1.44246e-09,8.74181e-10,8.74181e-10,5.25948e-10,5.25948e-10,3.14132e-10,3.14132e-10,1.86248e-10,1.86248e-10,1.09614e-10,1.09613e-10,6.40352e-11,6.40244e-11,3.71461e-11,3.69769e-11,2.16336e-11,1.89974e-11
0.0603734,0.051811,0.051811,0.0442356,0.0442356,0.037573,0.037573,0.0317476,0.0317476,0.0266845,0.0266845,0.0223099,0.0223099,0.0185528,0.0185528,0.0153453,0.0153453,0.0126233,0.0126233,0.0103274,0.0103274,0.00840241,0.00840241,0.00679828,0.00679828,0.00546963,0.00546963,0.00437586,0.00437586,0.00348096,0.00348096,0.00275326,0.00275326,0.00216517,0.00216517,0.00169285,0.00169285,0.00131586,0.00131586,0.00101683,0.00101683,0.00078113,0.00078113,0.000596506,0.000596506,0.000452802,0.000452802,0.000341656,0.000341656,0.000256238,0.000256238,0.000191009,0.000191009,0.000141516,0.000141516,0.000104204,0.000104204,7.62562e-05,7.62562e-05,5.54579e-05,5.54579e-05,4.00806e-05,4.00806e-05,2.87854e-05,2.87854e-05,2.0543e-05,2.0543e-05,1.45677e-05,1.45677e-05,1.02646e-05,1.02646e-05,7.18625e-06,7.18625e-06,4.99867e-06,4.99867e-06,3.4545e-06,3.4545e-06,2.37181e-06,2.37181e-06,1.61779e-06,1.61779e-06,1.09622e-06,1.09622e-06,7.37892e-07,7.37892e-07,4.9339e-07,4.9339e-07,3.27699e-07,3.27699e-07,2.16188e-07,2.16188e-07,1.4166e-07,1.4166e-07,9.21941e-08,9.21941e-08,5.95916e-08,5.95916e-08,3.82541e-08,3.82541e-08,2.43874e-08,2.43874e-08,1.54394e-08,1.54394e-08,9.7064e-09,9.7064e-09,6.05945e-09,6.05945e-09,3.7561e-09,3.7561e-09,2.31183e-09,2.31183e-09,1.41277e-09,1.41277e-09,8.5717e-10,8.5717e-10,5.16329e-10,5.16329e-10,3.08768e-10,3.08768e-10,1.83303e-10,1.83297e-10,1.08033e-10,1.07936e-10,6.33434e-11,6.1855e-11,3.90493e-11
0.0680013,0.0680013,0.0586186,0.0586186,0.0502756,0.0502756,0.0429005,0.0429005,0.0364189,0.0364189,0.0307562,0.0307562,0.025838,0.025838,0.0215917,0.0215917,0.0179471,0.0179471,0.0148377,0.0148377,0.0122006,0.0122006,0.00997751,0.00997751,0.0081147,0.0081147,0.00656317,0.00656317,0.00527873,0.00527873,0.00422184,0.00422184,0.0033575,0.0033575,0.00265493,0.00265493,0.00208737,0.00208737,0.00163169,0.00163169,0.0012681,0.0012681,0.000979781,0.000979781,0.000752576,0.000752576,0.000574648,0.000574648,0.000436183,0.000436183,0.000329105,0.000329105,0.000246823,0.000246823,0.000183995,0.000183995,0.000136327,0.000136327,0.000100392,0.000100392,7.34752e-05,7.34752e-05,5.34433e-05,5.34433e-05,3.86315e-05,3.86315e-05,2.77505e-05,2.77505e-05,1.98092e-05,1.98092e-05,1.40513e-05,1.40513e-05,9.90379e-06,9.90379e-06,6.93601e-06,6.93601e-06,4.82643e-06,4.82643e-06,3.33684e-06,3.33684e-06,2.29204e-06,2.29204e-06,1.56413e-06,1.56413e-06,1.06041e-06,1.06041e-06,7.1418e-07,7.1418e-07,4.77816e-07,4.77816e-07,3.17553e-07,3.17553e-07,2.09634e-07,2.09634e-07,1.37461e-07,1.37461e-07,8.95272e-08,8.95272e-08,5.79126e-08,5.79126e-08,3.72065e-08,3.72065e-08,2.37397e-08,2.37397e-08,1.50428e-08,1.50428e-08,9.46588e-09,9.46588e-09,5.91503e-09,5.91503e-09,3.6703e-09,3.6703e-09,2.2614e-09,2.2614e-09,1.38346e-09,1.38346e-09,8.40344e-10,8.40344e-10,5.06791e-10,5.06788e-10,3.03441e-10,3.03386e-10,1.8045e-10,1.79619e-10,1.07753e-10,9.51252e-11
0.0876893,0.0762985,0.0762985,0.0660604,0.0660604,0.0569115,0.0569115,0.0487832,0.0487832,0.0416035,0.0416035,0.0352987,0.0352987,0.0297946,0.0297946,0.0250175,0.0250175,0.0208958,0.0208958,0.0173607,0.0173607,0.0143465,0.0143465,0.0117918,0.0117918,0.00963934,0.00963934,0.00783673,0.00783673,0.00633613,0.00633613,0.00509445,0.00509445,0.00407323,0.00407323,0.00323841,0.00323841,0.00256012,0.00256012,0.00201237,0.00201237,0.00157275,0.00157275,0.00122208,0.00122208,0.000944087,0.000944087,0.000725073,0.000725073,0.000553597,0.000553597,0.000420178,0.000420178,0.000317019,0.000317019,0.000237757,0.000237757,0.000177241,0.000177241,0.00013133,0.00013133,9.67204e-05,9.67204e-05,7.07962e-05,7.07962e-05,5.15022e-05,5.15022e-05,3.7235e-05,3.7235e-05,2.67529e-05,2.67529e-05,1.91017e-05,1.91017e-05,1.35531e-05,1.35531e-05,9.5556e-06,9.5556e-06,6.69443e-06,6.69443e-06,4.66006e-06,4.66006e-06,3.22313e-06,3.22313e-06,2.21492e-06,2.21492e-06,1.51222e-06,1.51222e-06,1.02574e-06,1.02574e-06,6.91206e-07,6.91206e-07,4.62714e-07,4.62714e-07,3.07707e-07,3.07707e-07,2.03266e-07,2.03266e-07,1.33378e-07,1.33378e-07,8.69313e-08,8.69313e-08,5.62765e-08,5.62765e-08,3.61845e-08,3.61845e-08,2.31071e-08,2.31071e-08,1.46548e-08,1.46548e-08,9.23024e-09,9.23024e-09,5.77333e-09,5.77333e-09,3.58596e-09,3.58596e-09,2.21174e-09,2.21174e-09,1.35455e-09,1.35455e-09,8.2371e-10,8.2368e-10,4.97385e-10,4.96925e-10,2.98869e-10,2.91948e-10,1.88528e-10
0.0976037,0.0976037,0.0852862,0.0852862,0.0741612,0.0741612,0.0641708,0.0641708,0.0552509,0.0552509,0.0473325,0.0473325,0.0403438,0.0403438,0.0342115,0.0342115,0.0288618,0.0288618,0.0242222,0.0242222,0.0202218,0.0202218,0.016793,0.016793,0.0138713,0.0138713,0.0113964,0.0113964,0.00931249,0.00931249,0.00756819,0.00756819,0.00611688,0.00611688,0.00491658,0.00491658,0.00392983,0.00392983,0.00312354,0.00312354,0.0024687,0.0024687,0.00194007,0.00194007,0.00151595,0.00151595,0.00117774,0.00117774,0.000909701,0.000909701,0.000698582,0.000698582,0.000533323,0.000533323,0.000404765,0.000404765,0.000305379,0.000305379,0.000229027,0.000229027,0.000170738,0.000170738,0.000126518,0.000126518,9.3184e-05,9.3184e-05,6.82154e-05,6.82154e-05,4.9632e-05,4.9632e-05,3.58891e-05,3.58891e-05,2.57913e-05,2.57913e-05,1.84195e-05,1.84195e-05,1.30726e-05,1.30726e-05,9.21962e-06,9.21962e-06,6.46122e-06,6.46122e-06,4.49938e-06,4.49938e-06,3.11325e-06,3.11325e-06,2.14034e-06,2.14034e-06,1.46199e-06,1.46199e-06,9.9217e-07,9.9217e-07,6.68947e-07,6.68947e-07,4.48071e-07,4.48071e-07,2.98151e-07,2.98151e-07,1.97082e-07,1.97082e-07,1.29408e-07,1.29408e-07,8.44048e-08,8.44048e-08,5.46824e-08,5.46824e-08,3.51875e-08,3.51875e-08,2.24892e-08,2.24892e-08,1.42754e-08,1.42754e-08,8.99945e-09,8.99945e-09,5.63433e-09,5.63433e-09,3.50309e-09,3.50309e-09,2.16286e-09,2.16284e-09,1.32606e-09,1.32581e-09,8.07665e-10,8.0391e-10,4.94014e-10,4.38376e-10
0.122783,0.108248,0.108248,0.0949823,0.0949823,0.0829429,0.0829429,0.072079,0.072079,0.0623314,0.0623314,0.0536356,0.0536356,0.0459225,0.0459225,0.0391204,0.0391204,0.0331562,0.0331562,0.0279572,0.0279572,0.0234513,0.0234513,0.0195689,0.0195689,0.0162434,0.0162434,0.0134115,0.0134115,0.0110141,0.0110141,0.00899658,0.00899658,0.00730876,0.00730876,0.00590517,0.00590517,0.00474488,0.00474488,0.00379147,0.00379147,0.00301275,0.00301275,0.00238054,0.00238054,0.00187038,0.00187038,0.0014612,0.0014612,0.00113501,0.00113501,0.000876575,0.000876575,0.000673065,0.000673065,0.000513797,0.000513797,0.000389922,0.000389922,0.000294171,0.000294171,0.00022062,0.00022062,0.000164474,0.000164474,0.000121883,0.000121883,8.97779e-05,8.97779e-05,6.57294e-05,6.57294e-05,4.783e-05,4.783e-05,3.45922e-05,3.45922e-05,2.48644e-05,2.48644e-05,1.77617e-05,1.77617e-05,1.26091e-05,1.26091e-05,8.89542e-06,8.89542e-06,6.23609e-06,6.23609e-06,4.3442e-06,4.3442e-06,3.00707e-06,3.00707e-06,2.06824e-06,2.06824e-06,1.4134e-06,1.4134e-06,9.59672e-07,9.59672e-07,6.47382e-07,6.47382e-07,4.33874e-07,4.33874e-07,2.88879e-07,2.88879e-07,1.91075e-07,1.91075e-07,1.25549e-07,1.25549e-07,8.19462e-08,8.19462e-08,5.31294e-08,5.31294e-08,3.42151e-08,3.42151e-08,2.18857e-08,2.18857e-08,1.39043e-08,1.39043e-08,8.77345e-09,8.77345e-09,5.49801e-09,5.498e-09,3.4217e-09,3.42156e-09,2.11497e-09,2.11295e-09,1.30117e-09,1.27153e-09,8.39093e-10
0.135151,0.135151,0.119632,0.119632,0.105401,0.105401,0.0924243,0.0924243,0.0806584,0.0806584,0.0700505,0.0700505,0.060541,0.060541,0.0520646,0.0520646,0.0445522,0.0445522,0.0379322,0.0379322,0.0321322,0.0321322,0.0270798,0.0270798,0.0227042,0.0227042,0.0189366,0.0189366,0.0157114,0.0157114,0.0129666,0.0129666,0.0106444,0.0106444,0.00869125,0.00869125,0.00705814,0.00705814,0.00570073,0.00570073,0.00457916,0.00457916,0.00365797,0.00365797,0.00290588,0.00290588,0.00229554,0.00229554,0.0018032,0.0018032,0.00140844,0.00140844,0.00109385,0.00109385,0.000844662,0.000844662,0.000648487,0.000648487,0.000494991,0.000494991,0.000375627,0.000375627,0.000283377,0.000283377,0.000212524,0.000212524,0.000158442,0.000158442,0.00011742,0.00011742,8.64971e-05,8.64971e-05,6.33345e-05,6.33345e-05,4.60939e-05,4.60939e-05,3.33423e-05,3.33423e-05,2.39708e-05,2.39708e-05,1.71274e-05,1.71274e-05,1.21621e-05,1.21621e-05,8.58258e-06,8.58258e-06,6.01876e-06,6.01876e-06,4.19432e-06,4.19432e-06,2.90447e-06,2.90447e-06,1.99852e-06,1.99852e-06,1.36639e-06,1.36639e-06,9.28212e-07,9.28212e-07,6.26491e-07,6.26491e-07,4.20109e-07,4.20109e-07,2.79882e-07,2.79882e-07,1.85242e-07,1.85242e-07,1.21798e-07,1.21798e-07,7.95538e-08,7.95538e-08,5.16167e-08,5.16167e-08,3.32668e-08,3.32668e-08,2.12965e-08,2.12965e-08,1.35416e-08,1.35416e-08,8.55219e-09,8.55212e-09,5.36446e-09,5.36338e-09,3.34348e-09,3.32783e-09,2.0929e-09,1.86654e-09
0.166085,0.148266,0.148266,0.131759,0.131759,0.116552,0.116552,0.10262,0.10262,0.0899285,0.0899285,0.0784313,0.0784313,0.0680748,0.0680748,0.0587985,0.0587985,0.0505368,0.0505368,0.0432205,0.0432205,0.0367784,0.0367784,0.0311384,0.0311384,0.026229,0.026229,0.0219801,0.0219801,0.0183241,0.0183241,0.0151964,0.0151964,0.0125363,0.0125363,0.010287,0.010287,0.00839615,0.00839615,0.00681603,0.00681603,0.00550332,0.00550332,0.00441919,0.00441919,0.00352916,0.00352916,0.00280281,0.00280281,0.00221357,0.00221357,0.00173843,0.00173843,0.00135759,0.00135759,0.00105418,0.00105418,0.000813918,0.000813918,0.000624812,0.000624812,0.000476878,0.000476878,0.00036186,0.00036186,0.000272983,0.000272983,0.000204727,0.000204727,0.000152633,0.000152633,0.000113121,0.000113121,8.33371e-05,8.33371e-05,6.10275e-05,6.10275e-05,4.44211e-05,4.44211e-05,3.21377e-05,3.21377e-05,2.31095e-05,2.31095e-05,1.65158e-05,1.65158e-05,1.17309e-05,1.17309e-05,8.28072e-06,8.28072e-06,5.80896e-06,5.80896e-06,4.04956e-06,4.04956e-06,2.80533e-06,2.80533e-06,1.93112e-06,1.93112e-06,1.32091e-06,1.32091e-06,8.97758e-07,8.97758e-07,6.06254e-07,6.06254e-07,4.06766e-07,4.06766e-07,2.71153e-07,2.71153e-07,1.79577e-07,1.79577e-07,1.18152e-07,1.18152e-07,7.72262e-08,7.72262e-08,5.01433e-08,5.01433e-08,3.23421e-08,3.23421e-08,2.07214e-08,2.07213e-08,1.31871e-08,1.31865e-08,8.33652e-09,8.32834e-09,5.24668e-09,5.12927e-09,3.45592e-09
0.180916,0.180916,0.162121,0.162121,0.144629,0.144629,0.128441,0.128441,0.113542,0.113542,0.099905,0.099905,0.0874936,0.0874936,0.0762604,0.0762604,0.0661505,0.0661505,0.0571027,0.0571027,0.0490511,0.0490511,0.0419266,0.0419266,0.0356581,0.0356581,0.0301741,0.0301741,0.025404,0.025404,0.0212784,0.0212784,0.0177309,0.0177309,0.0146979,0.0146979,0.0121199,0.0121199,0.00994131,0.00994131,0.00811095,0.00811095,0.00658215,0.00658215,0.0053127,0.0053127,0.00426479,0.00426479,0.00340487,0.00340487,0.00270338,0.00270338,0.00213454,0.00213454,0.001676,0.001676,0.00130859,0.00130859,0.00101596,0.00101596,0.000784299,0.000784299,0.000602006,0.000602006,0.000459433,0.000459433,0.000348602,0.000348602,0.000262972,0.000262972,0.000197219,0.000197219,0.000147039,0.000147039,0.00010898,0.00010898,8.02933e-05,8.02933e-05,5.8805e-05,5.8805e-05,4.28093e-05,4.28093e-05,3.09769e-05,3.09769e-05,2.22792e-05,2.22792e-05,1.59261e-05,1.59261e-05,1.13149e-05,1.13149e-05,7.98944e-06,7.98944e-06,5.60644e-06,5.60644e-06,3.90977e-06,3.90977e-06,2.70953e-06,2.70953e-06,1.86596e-06,1.86596e-06,1.27691e-06,1.27691e-06,8.68278e-07,8.68278e-07,5.86651e-07,5.86651e-07,3.93831e-07,3.93831e-07,2.62685e-07,2.62685e-07,1.74077e-07,1.74077e-07,1.14608e-07,1.14608e-07,7.49618e-08,7.49618e-08,4.87084e-08,4.87084e-08,3.14407e-08,3.14404e-08,2.01604e-08,2.01561e-08,1.28474e-08,1.2787e-08,8.22307e-09,7.36966e-09
